Cell#,Cascade ID,Switch,NEID,Repoll#,Latitude,Longitude,BTS Manufacturer,Sector,Azimuth,CDR Status,,,,,,,,,,,,,,,
1,NY25XC900,NY-MANHATTAN 2,72,679,40.826388,-73.922222,Lucent,1,55,Active,,,,,,,,,,,,,,,
1,NY25XC900,NY-MANHATTAN 2,72,679,40.826388,-73.922222,Lucent,2,155,Active,,,,,,,,,,,,,,,
1,NY25XC900,NY-MANHATTAN 2,72,679,40.826388,-73.922222,Lucent,3,255,Active,,,,,,,,,,,,,,,
2,NY05XC312,NY-MANHATTAN 2,72,679,40.828888,-73.900833,Lucent,1,0,Active,,,,,,,,,,,,,,,
2,NY05XC312,NY-MANHATTAN 2,72,679,40.828888,-73.900833,Lucent,2,115,Active,,,,,,,,,,,,,,,
2,NY05XC312,NY-MANHATTAN 2,72,679,40.828888,-73.900833,Lucent,3,240,Active,,,,,,,,,,,,,,,
3,NY54XC917,NY-MANHATTAN 2,72,679,40.786944,-73.927777,Lucent,1,30,Active,,,,,,,,,,,,,,,
3,NY54XC917,NY-MANHATTAN 2,72,679,40.786944,-73.927777,Lucent,2,110,Active,,,,,,,,,,,,,,,
3,NY54XC917,NY-MANHATTAN 2,72,679,40.786944,-73.927777,Lucent,3,180,Active,,,,,,,,,,,,,,,
4,NY73XC503,NY-MANHATTAN 2,72,679,40.827999,-73.915,Lucent,1,35,Active,,,,,,,,,,,,,,,
4,NY73XC503,NY-MANHATTAN 2,72,679,40.827999,-73.915,Lucent,2,175,Active,,,,,,,,,,,,,,,
4,NY73XC503,NY-MANHATTAN 2,72,679,40.827999,-73.915,Lucent,3,265,Active,,,,,,,,,,,,,,,
6,NY73XC601,NY-MANHATTAN 2,72,679,40.82663,-73.925783,Lucent,1,50,Active,,,,,,,,,,,,,,,
6,NY73XC601,NY-MANHATTAN 2,72,679,40.82663,-73.925783,Lucent,2,150,Active,,,,,,,,,,,,,,,
6,NY73XC601,NY-MANHATTAN 2,72,679,40.82663,-73.925783,Lucent,3,300,Active,,,,,,,,,,,,,,,
7,NY73XC626,NY-MANHATTAN 2,72,679,40.845327,-73.940955,Lucent,1,45,Active,,,,,,,,,,,,,,,
7,NY73XC626,NY-MANHATTAN 2,72,679,40.845327,-73.940955,Lucent,2,180,Active,,,,,,,,,,,,,,,
7,NY73XC626,NY-MANHATTAN 2,72,679,40.845327,-73.940955,Lucent,3,310,Active,,,,,,,,,,,,,,,
8,NY25XC332,NY-MANHATTAN 2,72,679,40.833333,-73.854444,Lucent,1,330,Active,,,,,,,,,,,,,,,
8,NY25XC332,NY-MANHATTAN 2,72,679,40.833333,-73.854444,Lucent,2,90,Active,,,,,,,,,,,,,,,
8,NY25XC332,NY-MANHATTAN 2,72,679,40.833333,-73.854444,Lucent,3,210,Active,,,,,,,,,,,,,,,
9,NY14XC933,NY-MANHATTAN 2,72,679,40.843889,-73.938611,Lucent,1,50,Active,,,,,,,,,,,,,,,
9,NY14XC933,NY-MANHATTAN 2,72,679,40.843889,-73.938611,Lucent,2,165,Active,,,,,,,,,,,,,,,
9,NY14XC933,NY-MANHATTAN 2,72,679,40.843889,-73.938611,Lucent,3,260,Active,,,,,,,,,,,,,,,
10,NY24XC961,NY-MANHATTAN 2,72,679,40.850556,-73.916389,Lucent,1,10,Active,,,,,,,,,,,,,,,
10,NY24XC961,NY-MANHATTAN 2,72,679,40.850556,-73.916389,Lucent,2,120,Active,,,,,,,,,,,,,,,
10,NY24XC961,NY-MANHATTAN 2,72,679,40.850556,-73.916389,Lucent,3,250,Active,,,,,,,,,,,,,,,
11,NY73XC607,NY-MANHATTAN 2,72,679,40.848672,-73.910528,Lucent,1,0,Active,,,,,,,,,,,,,,,
11,NY73XC607,NY-MANHATTAN 2,72,679,40.848672,-73.910528,Lucent,2,165,Active,,,,,,,,,,,,,,,
11,NY73XC607,NY-MANHATTAN 2,72,679,40.848672,-73.910528,Lucent,3,260,Active,,,,,,,,,,,,,,,
13,NY25XC577,NY-MANHATTAN 2,72,679,40.835277,-73.870833,Lucent,1,0,Active,,,,,,,,,,,,,,,
13,NY25XC577,NY-MANHATTAN 2,72,679,40.835277,-73.870833,Lucent,2,120,Active,,,,,,,,,,,,,,,
13,NY25XC577,NY-MANHATTAN 2,72,679,40.835277,-73.870833,Lucent,3,230,Active,,,,,,,,,,,,,,,
16,NY57XC006,NY-MANHATTAN 2,72,679,40.838805,-73.941111,Lucent,1,50,Active,,,,,,,,,,,,,,,
16,NY57XC006,NY-MANHATTAN 2,72,679,40.838805,-73.941111,Lucent,2,180,Active,,,,,,,,,,,,,,,
16,NY57XC006,NY-MANHATTAN 2,72,679,40.838805,-73.941111,Lucent,3,330,Active,,,,,,,,,,,,,,,
22,NY25XC502,NY-MANHATTAN 2,72,679,40.834966,-73.940239,Lucent,1,10,Active,,,,,,,,,,,,,,,
22,NY25XC502,NY-MANHATTAN 2,72,679,40.834966,-73.940239,Lucent,2,130,Active,,,,,,,,,,,,,,,
22,NY25XC502,NY-MANHATTAN 2,72,679,40.834966,-73.940239,Lucent,3,270,Active,,,,,,,,,,,,,,,
23,NY04XC810,NY-MANHATTAN 2,72,679,40.856111,-73.938333,Lucent,1,10,Active,,,,,,,,,,,,,,,
23,NY04XC810,NY-MANHATTAN 2,72,679,40.856111,-73.938333,Lucent,2,185,Active,,,,,,,,,,,,,,,
23,NY04XC810,NY-MANHATTAN 2,72,679,40.856111,-73.938333,Lucent,3,290,Active,,,,,,,,,,,,,,,
24,NY04XC851,NY-MANHATTAN 2,72,679,40.833611,-73.944722,Lucent,1,25,Active,,,,,,,,,,,,,,,
24,NY04XC851,NY-MANHATTAN 2,72,679,40.833611,-73.944722,Lucent,2,115,Active,,,,,,,,,,,,,,,
24,NY04XC851,NY-MANHATTAN 2,72,679,40.833611,-73.944722,Lucent,3,230,Active,,,,,,,,,,,,,,,
27,NY04XC855,NY-MANHATTAN 2,72,679,40.802574,-73.969901,Lucent,1,5,Active,,,,,,,,,,,,,,,
27,NY04XC855,NY-MANHATTAN 2,72,679,40.802574,-73.969901,Lucent,2,120,Active,,,,,,,,,,,,,,,
27,NY04XC855,NY-MANHATTAN 2,72,679,40.802574,-73.969901,Lucent,3,235,Active,,,,,,,,,,,,,,,
28,NY04XC856,NY-MANHATTAN 2,72,679,40.786111,-73.971944,Lucent,1,0,Active,,,,,,,,,,,,,,,
28,NY04XC856,NY-MANHATTAN 2,72,679,40.786111,-73.971944,Lucent,2,120,Active,,,,,,,,,,,,,,,
28,NY04XC856,NY-MANHATTAN 2,72,679,40.786111,-73.971944,Lucent,3,240,Active,,,,,,,,,,,,,,,
30,NY73XC551,NY-MANHATTAN 2,72,679,40.827141,-73.950389,Lucent,1,55,Active,,,,,,,,,,,,,,,
30,NY73XC551,NY-MANHATTAN 2,72,679,40.827141,-73.950389,Lucent,2,175,Active,,,,,,,,,,,,,,,
30,NY73XC551,NY-MANHATTAN 2,72,679,40.827141,-73.950389,Lucent,3,265,Active,,,,,,,,,,,,,,,
31,NY04XC880,NY-MANHATTAN 2,72,679,40.855278,-73.929722,Lucent,1,15,Active,,,,,,,,,,,,,,,
31,NY04XC880,NY-MANHATTAN 2,72,679,40.855278,-73.929722,Lucent,2,135,Active,,,,,,,,,,,,,,,
31,NY04XC880,NY-MANHATTAN 2,72,679,40.855278,-73.929722,Lucent,3,240,Active,,,,,,,,,,,,,,,
39,NY24XC966,NY-MANHATTAN 2,72,679,40.82861,-73.944444,Lucent,1,35,Active,,,,,,,,,,,,,,,
39,NY24XC966,NY-MANHATTAN 2,72,679,40.82861,-73.944444,Lucent,2,140,Active,,,,,,,,,,,,,,,
39,NY24XC966,NY-MANHATTAN 2,72,679,40.82861,-73.944444,Lucent,3,240,Active,,,,,,,,,,,,,,,
40,NY54XC915,NY-MANHATTAN 2,72,679,40.79083,-73.969329,Lucent,1,40,Active,,,,,,,,,,,,,,,
40,NY54XC915,NY-MANHATTAN 2,72,679,40.79083,-73.969329,Lucent,2,170,Active,,,,,,,,,,,,,,,
40,NY54XC915,NY-MANHATTAN 2,72,679,40.79083,-73.969329,Lucent,3,270,Active,,,,,,,,,,,,,,,
54,NY73XC523,NY-MANHATTAN 2,72,679,40.813056,-73.94938,Lucent,1,20,Active,,,,,,,,,,,,,,,
54,NY73XC523,NY-MANHATTAN 2,72,679,40.813056,-73.94938,Lucent,2,140,Active,,,,,,,,,,,,,,,
54,NY73XC523,NY-MANHATTAN 2,72,679,40.813056,-73.94938,Lucent,3,285,Active,,,,,,,,,,,,,,,
55,NY73XC692,NY-MANHATTAN 2,72,679,40.817027,-73.943102,Lucent,1,70,Active,,,,,,,,,,,,,,,
55,NY73XC692,NY-MANHATTAN 2,72,679,40.817027,-73.943102,Lucent,2,180,Active,,,,,,,,,,,,,,,
55,NY73XC692,NY-MANHATTAN 2,72,679,40.817027,-73.943102,Lucent,3,285,Active,,,,,,,,,,,,,,,
56,NY73XC693,NY-MANHATTAN 2,72,679,40.821683,-73.945555,Lucent,1,0,Active,,,,,,,,,,,,,,,
56,NY73XC693,NY-MANHATTAN 2,72,679,40.821683,-73.945555,Lucent,2,89,Active,,,,,,,,,,,,,,,
56,NY73XC693,NY-MANHATTAN 2,72,679,40.821683,-73.945555,Lucent,3,200,Active,,,,,,,,,,,,,,,
57,NY24XC965,NY-MANHATTAN 2,72,679,40.821666,-73.947777,Lucent,1,20,Active,,,,,,,,,,,,,,,
57,NY24XC965,NY-MANHATTAN 2,72,679,40.821666,-73.947777,Lucent,2,130,Active,,,,,,,,,,,,,,,
57,NY24XC965,NY-MANHATTAN 2,72,679,40.821666,-73.947777,Lucent,3,225,Active,,,,,,,,,,,,,,,
58,NY23XC508,NY-MANHATTAN 2,72,679,40.820277,-73.977499,Lucent,1,10,Active,,,,,,,,,,,,,,,
58,NY23XC508,NY-MANHATTAN 2,72,679,40.820277,-73.977499,Lucent,2,110,Active,,,,,,,,,,,,,,,
58,NY23XC508,NY-MANHATTAN 2,72,679,40.820277,-73.977499,Lucent,3,236,Active,,,,,,,,,,,,,,,
61,NY24XC973,NY-MANHATTAN 2,72,679,40.77945,-73.94702,Lucent,1,20,Active,,,,,,,,,,,,,,,
61,NY24XC973,NY-MANHATTAN 2,72,679,40.77945,-73.94702,Lucent,2,150,Active,,,,,,,,,,,,,,,
61,NY24XC973,NY-MANHATTAN 2,72,679,40.77945,-73.94702,Lucent,3,240,Active,,,,,,,,,,,,,,,
67,NY54XC916,NY-MANHATTAN 2,72,679,40.799376,-73.942971,Lucent,1,30,Active,,,,,,,,,,,,,,,
67,NY54XC916,NY-MANHATTAN 2,72,679,40.799376,-73.942971,Lucent,2,110,Active,,,,,,,,,,,,,,,
67,NY54XC916,NY-MANHATTAN 2,72,679,40.799376,-73.942971,Lucent,3,245,Active,,,,,,,,,,,,,,,
68,NY54XC914,NY-MANHATTAN 2,72,679,40.798055,-73.963333,Lucent,1,20,Active,,,,,,,,,,,,,,,
68,NY54XC914,NY-MANHATTAN 2,72,679,40.798055,-73.963333,Lucent,2,180,Active,,,,,,,,,,,,,,,
68,NY54XC914,NY-MANHATTAN 2,72,679,40.798055,-73.963333,Lucent,3,270,Active,,,,,,,,,,,,,,,
83,NY15XC325,NY-MANHATTAN 2,72,679,40.818055,-73.915278,Lucent,1,335,Active,,,,,,,,,,,,,,,
83,NY15XC325,NY-MANHATTAN 2,72,679,40.818055,-73.915278,Lucent,2,115,Active,,,,,,,,,,,,,,,
83,NY15XC325,NY-MANHATTAN 2,72,679,40.818055,-73.915278,Lucent,3,210,Active,,,,,,,,,,,,,,,
87,NY04XC852,NY-MANHATTAN 2,72,679,40.788611,-73.980833,Lucent,1,290,Active,,,,,,,,,,,,,,,
87,NY04XC852,NY-MANHATTAN 2,72,679,40.788611,-73.980833,Lucent,2,110,Active,,,,,,,,,,,,,,,
87,NY04XC852,NY-MANHATTAN 2,72,679,40.788611,-73.980833,Lucent,3,210,Active,,,,,,,,,,,,,,,
88,NY14XC942,NY-MANHATTAN 2,72,679,40.776944,-73.948889,Lucent,1,30,Active,,,,,,,,,,,,,,,
88,NY14XC942,NY-MANHATTAN 2,72,679,40.776944,-73.948889,Lucent,2,210,Active,,,,,,,,,,,,,,,
88,NY14XC942,NY-MANHATTAN 2,72,679,40.776944,-73.948889,Lucent,3,290,Active,,,,,,,,,,,,,,,
90,NY54XC912,NY-MANHATTAN 2,72,679,40.813611,-73.8875,Lucent,1,20,Active,,,,,,,,,,,,,,,
90,NY54XC912,NY-MANHATTAN 2,72,679,40.813611,-73.8875,Lucent,2,150,Active,,,,,,,,,,,,,,,
90,NY54XC912,NY-MANHATTAN 2,72,679,40.813611,-73.8875,Lucent,3,260,Active,,,,,,,,,,,,,,,
92,NY60XC018,NY-MANHATTAN 2,72,679,40.783501,-73.982889,Lucent,1,40,Active,,,,,,,,,,,,,,,
92,NY60XC018,NY-MANHATTAN 2,72,679,40.783501,-73.982889,Lucent,2,150,Active,,,,,,,,,,,,,,,
92,NY60XC018,NY-MANHATTAN 2,72,679,40.783501,-73.982889,Lucent,3,260,Active,,,,,,,,,,,,,,,
98,NY25XC585,NY-MANHATTAN 2,72,679,40.78111,-73.952778,Lucent,1,0,Active,,,,,,,,,,,,,,,
98,NY25XC585,NY-MANHATTAN 2,72,679,40.78111,-73.952778,Lucent,2,120,Active,,,,,,,,,,,,,,,
98,NY25XC585,NY-MANHATTAN 2,72,679,40.78111,-73.952778,Lucent,3,240,Active,,,,,,,,,,,,,,,
99,NY24XC958,NY-MANHATTAN 2,72,679,40.784722,-73.978888,Lucent,1,0,Active,,,,,,,,,,,,,,,
99,NY24XC958,NY-MANHATTAN 2,72,679,40.784722,-73.978888,Lucent,2,120,Active,,,,,,,,,,,,,,,
99,NY24XC958,NY-MANHATTAN 2,72,679,40.784722,-73.978888,Lucent,3,240,Active,,,,,,,,,,,,,,,
100,NY04XC871,NY-MANHATTAN 2,72,679,40.818333,-73.958056,Lucent,1,15,Active,,,,,,,,,,,,,,,
100,NY04XC871,NY-MANHATTAN 2,72,679,40.818333,-73.958056,Lucent,2,110,Active,,,,,,,,,,,,,,,
100,NY04XC871,NY-MANHATTAN 2,72,679,40.818333,-73.958056,Lucent,3,240,Active,,,,,,,,,,,,,,,
102,NY04XC853,NY-MANHATTAN 2,72,679,40.779166,-73.974444,Lucent,1,80,Active,,,,,,,,,,,,,,,
102,NY04XC853,NY-MANHATTAN 2,72,679,40.779166,-73.974444,Lucent,2,175,Active,,,,,,,,,,,,,,,
102,NY04XC853,NY-MANHATTAN 2,72,679,40.779166,-73.974444,Lucent,3,285,Active,,,,,,,,,,,,,,,
103,NY04XC865,NY-MANHATTAN 2,72,679,40.773055,-73.956944,Lucent,1,325,Active,,,,,,,,,,,,,,,
103,NY04XC865,NY-MANHATTAN 2,72,679,40.773055,-73.956944,Lucent,2,130,Active,,,,,,,,,,,,,,,
103,NY04XC865,NY-MANHATTAN 2,72,679,40.773055,-73.956944,Lucent,3,220,Active,,,,,,,,,,,,,,,
104,NY04XC857,NY-MANHATTAN 2,72,679,40.795,-73.969999,Lucent,1,0,Active,,,,,,,,,,,,,,,
104,NY04XC857,NY-MANHATTAN 2,72,679,40.795,-73.969999,Lucent,2,135,Active,,,,,,,,,,,,,,,
104,NY04XC857,NY-MANHATTAN 2,72,679,40.795,-73.969999,Lucent,3,250,Active,,,,,,,,,,,,,,,
106,NY25XC333,NY-MANHATTAN 2,72,679,40.835833,-73.921944,Lucent,1,5,Active,,,,,,,,,,,,,,,
106,NY25XC333,NY-MANHATTAN 2,72,679,40.835833,-73.921944,Lucent,2,115,Active,,,,,,,,,,,,,,,
106,NY25XC333,NY-MANHATTAN 2,72,679,40.835833,-73.921944,Lucent,3,220,Active,,,,,,,,,,,,,,,
107,NY04XC866,NY-MANHATTAN 2,72,679,40.774166,-73.9475,Lucent,1,25,Active,,,,,,,,,,,,,,,
107,NY04XC866,NY-MANHATTAN 2,72,679,40.774166,-73.9475,Lucent,2,120,Active,,,,,,,,,,,,,,,
107,NY04XC866,NY-MANHATTAN 2,72,679,40.774166,-73.9475,Lucent,3,250,Active,,,,,,,,,,,,,,,
109,NY04XC860,NY-MANHATTAN 2,72,679,40.791389,-73.945,Lucent,1,10,Active,,,,,,,,,,,,,,,
109,NY04XC860,NY-MANHATTAN 2,72,679,40.791389,-73.945,Lucent,2,115,Active,,,,,,,,,,,,,,,
109,NY04XC860,NY-MANHATTAN 2,72,679,40.791389,-73.945,Lucent,3,240,Active,,,,,,,,,,,,,,,
110,NY04XC862,NY-MANHATTAN 2,72,679,40.779999,-73.96,Lucent,1,12,Active,,,,,,,,,,,,,,,
110,NY04XC862,NY-MANHATTAN 2,72,679,40.779999,-73.96,Lucent,2,135,Active,,,,,,,,,,,,,,,
110,NY04XC862,NY-MANHATTAN 2,72,679,40.779999,-73.96,Lucent,3,250,Active,,,,,,,,,,,,,,,
112,NY24XC979,NY-MANHATTAN 2,72,679,40.844722,-73.910833,Lucent,1,30,Active,,,,,,,,,,,,,,,
112,NY24XC979,NY-MANHATTAN 2,72,679,40.844722,-73.910833,Lucent,2,155,Active,,,,,,,,,,,,,,,
112,NY24XC979,NY-MANHATTAN 2,72,679,40.844722,-73.910833,Lucent,3,240,Active,,,,,,,,,,,,,,,
128,NY04XC875,NY-MANHATTAN 2,72,679,40.822777,-73.941111,Lucent,1,10,Active,,,,,,,,,,,,,,,
128,NY04XC875,NY-MANHATTAN 2,72,679,40.822777,-73.941111,Lucent,2,130,Active,,,,,,,,,,,,,,,
128,NY04XC875,NY-MANHATTAN 2,72,679,40.822777,-73.941111,Lucent,3,250,Active,,,,,,,,,,,,,,,
129,NY04XC877,NY-MANHATTAN 2,72,679,40.832499,-73.949444,Lucent,1,20,Active,,,,,,,,,,,,,,,
129,NY04XC877,NY-MANHATTAN 2,72,679,40.832499,-73.949444,Lucent,3,185,Active,,,,,,,,,,,,,,,
133,NY25XC859,NY-MANHATTAN 2,72,679,40.787614,-73.953539,Lucent,1,330,Active,,,,,,,,,,,,,,,
133,NY25XC859,NY-MANHATTAN 2,72,679,40.787614,-73.953539,Lucent,2,110,Active,,,,,,,,,,,,,,,
133,NY25XC859,NY-MANHATTAN 2,72,679,40.787614,-73.953539,Lucent,3,230,Active,,,,,,,,,,,,,,,
137,NY04XC840,NY-MANHATTAN 2,72,679,40.810833,-73.941666,Lucent,1,0,Active,,,,,,,,,,,,,,,
137,NY04XC840,NY-MANHATTAN 2,72,679,40.810833,-73.941666,Lucent,2,110,Active,,,,,,,,,,,,,,,
137,NY04XC840,NY-MANHATTAN 2,72,679,40.810833,-73.941666,Lucent,3,235,Active,,,,,,,,,,,,,,,
139,NY04XC839,NY-MANHATTAN 2,72,679,40.805833,-73.951111,Lucent,1,60,Active,,,,,,,,,,,,,,,
139,NY04XC839,NY-MANHATTAN 2,72,679,40.805833,-73.951111,Lucent,2,150,Active,,,,,,,,,,,,,,,
139,NY04XC839,NY-MANHATTAN 2,72,679,40.805833,-73.951111,Lucent,3,240,Active,,,,,,,,,,,,,,,
140,NY04XC838,NY-MANHATTAN 2,72,679,40.797222,-73.947222,Lucent,1,20,Active,,,,,,,,,,,,,,,
140,NY04XC838,NY-MANHATTAN 2,72,679,40.797222,-73.947222,Lucent,2,120,Active,,,,,,,,,,,,,,,
140,NY04XC838,NY-MANHATTAN 2,72,679,40.797222,-73.947222,Lucent,3,250,Active,,,,,,,,,,,,,,,
141,NY04XC837,NY-MANHATTAN 2,72,679,40.802222,-73.964167,Lucent,1,0,Active,,,,,,,,,,,,,,,
141,NY04XC837,NY-MANHATTAN 2,72,679,40.802222,-73.964167,Lucent,2,120,Active,,,,,,,,,,,,,,,
141,NY04XC837,NY-MANHATTAN 2,72,679,40.802222,-73.964167,Lucent,3,240,Active,,,,,,,,,,,,,,,
143,NY04XC835,NY-MANHATTAN 2,72,679,40.783055,-73.951111,Lucent,1,350,Active,,,,,,,,,,,,,,,
143,NY04XC835,NY-MANHATTAN 2,72,679,40.783055,-73.951111,Lucent,2,120,Active,,,,,,,,,,,,,,,
143,NY04XC835,NY-MANHATTAN 2,72,679,40.783055,-73.951111,Lucent,3,270,Active,,,,,,,,,,,,,,,
144,NY24XC948,NY-MANHATTAN 2,72,679,40.777222,-73.961944,Lucent,1,60,Active,,,,,,,,,,,,,,,
144,NY24XC948,NY-MANHATTAN 2,72,679,40.777222,-73.961944,Lucent,2,140,Active,,,,,,,,,,,,,,,
144,NY24XC948,NY-MANHATTAN 2,72,679,40.777222,-73.961944,Lucent,3,220,Active,,,,,,,,,,,,,,,
147,NY73XC690,NY-MANHATTAN 2,72,679,40.803042,-73.932694,Lucent,1,35,Active,,,,,,,,,,,,,,,
147,NY73XC690,NY-MANHATTAN 2,72,679,40.803042,-73.932694,Lucent,2,135,Active,,,,,,,,,,,,,,,
147,NY73XC690,NY-MANHATTAN 2,72,679,40.803042,-73.932694,Lucent,3,270,Active,,,,,,,,,,,,,,,
148,NY04XC818,NY-MANHATTAN 2,72,679,40.796389,-73.930555,Lucent,1,0,Active,,,,,,,,,,,,,,,
148,NY04XC818,NY-MANHATTAN 2,72,679,40.796389,-73.930555,Lucent,2,148,Active,,,,,,,,,,,,,,,
148,NY04XC818,NY-MANHATTAN 2,72,679,40.796389,-73.930555,Lucent,3,240,Active,,,,,,,,,,,,,,,
150,NY54XC921,NY-MANHATTAN 2,72,679,40.821933,-73.901023,Lucent,1,60,Active,,,,,,,,,,,,,,,
150,NY54XC921,NY-MANHATTAN 2,72,679,40.821933,-73.901023,Lucent,2,180,Active,,,,,,,,,,,,,,,
150,NY54XC921,NY-MANHATTAN 2,72,679,40.821933,-73.901023,Lucent,3,265,Active,,,,,,,,,,,,,,,
151,NY54XC910,NY-MANHATTAN 2,72,679,40.82111,-73.927222,Lucent,1,320,Active,,,,,,,,,,,,,,,
151,NY54XC910,NY-MANHATTAN 2,72,679,40.82111,-73.927222,Lucent,2,50,Active,,,,,,,,,,,,,,,
151,NY54XC910,NY-MANHATTAN 2,72,679,40.82111,-73.927222,Lucent,3,230,Active,,,,,,,,,,,,,,,
152,NY54XC987,NY-MANHATTAN 2,72,679,40.845833,-73.936666,Lucent,1,40,Active,,,,,,,,,,,,,,,
152,NY54XC987,NY-MANHATTAN 2,72,679,40.845833,-73.936666,Lucent,2,160,Active,,,,,,,,,,,,,,,
152,NY54XC987,NY-MANHATTAN 2,72,679,40.845833,-73.936666,Lucent,3,270,Active,,,,,,,,,,,,,,,
153,NY04XC817,NY-MANHATTAN 2,72,679,40.847222,-73.932499,Lucent,1,15,Active,,,,,,,,,,,,,,,
153,NY04XC817,NY-MANHATTAN 2,72,679,40.847222,-73.932499,Lucent,2,140,Active,,,,,,,,,,,,,,,
153,NY04XC817,NY-MANHATTAN 2,72,679,40.847222,-73.932499,Lucent,3,240,Active,,,,,,,,,,,,,,,
154,NY25XC334,NY-MANHATTAN 2,72,679,40.836389,-73.908889,Lucent,1,340,Active,,,,,,,,,,,,,,,
154,NY25XC334,NY-MANHATTAN 2,72,679,40.836389,-73.908889,Lucent,2,120,Active,,,,,,,,,,,,,,,
154,NY25XC334,NY-MANHATTAN 2,72,679,40.836389,-73.908889,Lucent,3,200,Active,,,,,,,,,,,,,,,
155,NY04XC816,NY-MANHATTAN 2,72,679,40.85,-73.940277,Lucent,1,0,Active,,,,,,,,,,,,,,,
155,NY04XC816,NY-MANHATTAN 2,72,679,40.85,-73.940277,Lucent,2,130,Active,,,,,,,,,,,,,,,
155,NY04XC816,NY-MANHATTAN 2,72,679,40.85,-73.940277,Lucent,3,265,Active,,,,,,,,,,,,,,,
156,NY62XC011,NY-MANHATTAN 2,72,679,40.817113,-73.924147,Lucent,1,45,Active,,,,,,,,,,,,,,,
156,NY62XC011,NY-MANHATTAN 2,72,679,40.817113,-73.924147,Lucent,2,175,Active,,,,,,,,,,,,,,,
156,NY62XC011,NY-MANHATTAN 2,72,679,40.817113,-73.924147,Lucent,3,285,Active,,,,,,,,,,,,,,,
157,NY73XC631,NY-MANHATTAN 2,72,679,40.8091,-73.9301,Lucent,1,5,Active,,,,,,,,,,,,,,,
157,NY73XC631,NY-MANHATTAN 2,72,679,40.8091,-73.9301,Lucent,2,110,Active,,,,,,,,,,,,,,,
157,NY73XC631,NY-MANHATTAN 2,72,679,40.8091,-73.9301,Lucent,3,265,Active,,,,,,,,,,,,,,,
158,NY04XC836,NY-MANHATTAN 2,72,679,40.789444,-73.976388,Lucent,1,20,Active,,,,,,,,,,,,,,,
158,NY04XC836,NY-MANHATTAN 2,72,679,40.789444,-73.976388,Lucent,2,140,Active,,,,,,,,,,,,,,,
158,NY04XC836,NY-MANHATTAN 2,72,679,40.789444,-73.976388,Lucent,3,270,Active,,,,,,,,,,,,,,,
159,NY73XC536,NY-MANHATTAN 2,72,679,40.8027,-73.918799,Lucent,1,70,Active,,,,,,,,,,,,,,,
159,NY73XC536,NY-MANHATTAN 2,72,679,40.8027,-73.918799,Lucent,2,175,Active,,,,,,,,,,,,,,,
159,NY73XC536,NY-MANHATTAN 2,72,679,40.8027,-73.918799,Lucent,3,280,Active,,,,,,,,,,,,,,,
160,NY24XC954,NY-MANHATTAN 2,72,679,40.817777,-73.894166,Lucent,1,0,Active,,,,,,,,,,,,,,,
160,NY24XC954,NY-MANHATTAN 2,72,679,40.817777,-73.894166,Lucent,2,80,Active,,,,,,,,,,,,,,,
160,NY24XC954,NY-MANHATTAN 2,72,679,40.817777,-73.894166,Lucent,3,230,Active,,,,,,,,,,,,,,,
161,NY73XC816,NY-MANHATTAN 2,72,679,40.82866,-73.87591,Lucent,1,30,Active,,,,,,,,,,,,,,,
161,NY73XC816,NY-MANHATTAN 2,72,679,40.82866,-73.87591,Lucent,2,210,Active,,,,,,,,,,,,,,,
161,NY73XC816,NY-MANHATTAN 2,72,679,40.82866,-73.87591,Lucent,3,290,Active,,,,,,,,,,,,,,,
162,NY05XC315,NY-MANHATTAN 2,72,679,40.838611,-73.884444,Lucent,1,350,Active,,,,,,,,,,,,,,,
162,NY05XC315,NY-MANHATTAN 2,72,679,40.838611,-73.884444,Lucent,2,130,Active,,,,,,,,,,,,,,,
162,NY05XC315,NY-MANHATTAN 2,72,679,40.838611,-73.884444,Lucent,3,240,Active,,,,,,,,,,,,,,,
163,NY05XC314,NY-MANHATTAN 2,72,679,40.825833,-73.878888,Lucent,1,355,Active,,,,,,,,,,,,,,,
163,NY05XC314,NY-MANHATTAN 2,72,679,40.825833,-73.878888,Lucent,2,100,Active,,,,,,,,,,,,,,,
163,NY05XC314,NY-MANHATTAN 2,72,679,40.825833,-73.878888,Lucent,3,240,Active,,,,,,,,,,,,,,,
166,NY05XC311,NY-MANHATTAN 2,72,679,40.835,-73.915556,Lucent,1,10,Active,,,,,,,,,,,,,,,
166,NY05XC311,NY-MANHATTAN 2,72,679,40.835,-73.915556,Lucent,2,130,Active,,,,,,,,,,,,,,,
166,NY05XC311,NY-MANHATTAN 2,72,679,40.835,-73.915556,Lucent,3,235,Active,,,,,,,,,,,,,,,
167,NY05XC307,NY-MANHATTAN 2,72,679,40.808056,-73.908333,Lucent,1,0,Active,,,,,,,,,,,,,,,
167,NY05XC307,NY-MANHATTAN 2,72,679,40.808056,-73.908333,Lucent,2,80,Active,,,,,,,,,,,,,,,
167,NY05XC307,NY-MANHATTAN 2,72,679,40.808056,-73.908333,Lucent,3,240,Active,,,,,,,,,,,,,,,
168,NY05XC309,NY-MANHATTAN 2,72,679,40.805797,-73.923274,Lucent,1,15,Active,,,,,,,,,,,,,,,
168,NY05XC309,NY-MANHATTAN 2,72,679,40.805797,-73.923274,Lucent,2,120,Active,,,,,,,,,,,,,,,
168,NY05XC309,NY-MANHATTAN 2,72,679,40.805797,-73.923274,Lucent,3,275,Active,,,,,,,,,,,,,,,
169,NY81XC820,NY-MANHATTAN 2,72,679,40.816222,-73.902872,Lucent,1,350,Active,,,,,,,,,,,,,,,
169,NY81XC820,NY-MANHATTAN 2,72,679,40.816222,-73.902872,Lucent,2,70,Active,,,,,,,,,,,,,,,
169,NY81XC820,NY-MANHATTAN 2,72,679,40.816222,-73.902872,Lucent,3,230,Active,,,,,,,,,,,,,,,
170,NY81XC822,NY-MANHATTAN 2,72,679,40.811294,-73.917761,Lucent,1,15,Active,,,,,,,,,,,,,,,
170,NY81XC822,NY-MANHATTAN 2,72,679,40.811294,-73.917761,Lucent,2,135,Active,,,,,,,,,,,,,,,
170,NY81XC822,NY-MANHATTAN 2,72,679,40.811294,-73.917761,Lucent,3,290,Active,,,,,,,,,,,,,,,
171,NY05XC310,NY-MANHATTAN 2,72,679,40.831666,-73.930833,Lucent,1,30,Active,,,,,,,,,,,,,,,
171,NY05XC310,NY-MANHATTAN 2,72,679,40.831666,-73.930833,Lucent,2,150,Active,,,,,,,,,,,,,,,
171,NY05XC310,NY-MANHATTAN 2,72,679,40.831666,-73.930833,Lucent,3,270,Active,,,,,,,,,,,,,,,
173,NY73XC798,NY-MANHATTAN 2,72,679,40.826978,-73.822062,Lucent,1,40,Active,,,,,,,,,,,,,,,
173,NY73XC798,NY-MANHATTAN 2,72,679,40.826978,-73.822062,Lucent,2,170,Active,,,,,,,,,,,,,,,
173,NY73XC798,NY-MANHATTAN 2,72,679,40.826978,-73.822062,Lucent,3,275,Active,,,,,,,,,,,,,,,
174,NY73XC806,NY-MANHATTAN 2,72,679,40.822299,-73.816919,Lucent,1,350,Active,,,,,,,,,,,,,,,
174,NY73XC806,NY-MANHATTAN 2,72,679,40.822299,-73.816919,Lucent,2,150,Active,,,,,,,,,,,,,,,
174,NY73XC806,NY-MANHATTAN 2,72,679,40.822299,-73.816919,Lucent,3,260,Active,,,,,,,,,,,,,,,
175,NY05XC320,NY-MANHATTAN 2,72,679,40.820833,-73.806667,Lucent,1,320,Active,,,,,,,,,,,,,,,
175,NY05XC320,NY-MANHATTAN 2,72,679,40.820833,-73.806667,Lucent,2,140,Active,,,,,,,,,,,,,,,
175,NY05XC320,NY-MANHATTAN 2,72,679,40.820833,-73.806667,Lucent,3,250,Active,,,,,,,,,,,,,,,
176,NY05XC323,NY-MANHATTAN 2,72,679,40.826944,-73.841389,Lucent,1,70,Active,,,,,,,,,,,,,,,
176,NY05XC323,NY-MANHATTAN 2,72,679,40.826944,-73.841389,Lucent,2,160,Active,,,,,,,,,,,,,,,
176,NY05XC323,NY-MANHATTAN 2,72,679,40.826944,-73.841389,Lucent,3,290,Active,,,,,,,,,,,,,,,
177,NY73XC580,NY-MANHATTAN 2,72,679,40.817925,-73.837588,Lucent,1,45,Active,,,,,,,,,,,,,,,
177,NY73XC580,NY-MANHATTAN 2,72,679,40.817925,-73.837588,Lucent,2,160,Active,,,,,,,,,,,,,,,
177,NY73XC580,NY-MANHATTAN 2,72,679,40.817925,-73.837588,Lucent,3,300,Active,,,,,,,,,,,,,,,
178,NY81XC823,NY-MANHATTAN 2,72,679,40.816353,-73.909972,Lucent,1,320,Active,,,,,,,,,,,,,,,
178,NY81XC823,NY-MANHATTAN 2,72,679,40.816353,-73.909972,Lucent,2,110,Active,,,,,,,,,,,,,,,
178,NY81XC823,NY-MANHATTAN 2,72,679,40.816353,-73.909972,Lucent,3,240,Active,,,,,,,,,,,,,,,
179,NY81XC824,NY-MANHATTAN 2,72,679,40.822131,-73.910536,Lucent,1,0,Active,,,,,,,,,,,,,,,
179,NY81XC824,NY-MANHATTAN 2,72,679,40.822131,-73.910536,Lucent,2,130,Active,,,,,,,,,,,,,,,
179,NY81XC824,NY-MANHATTAN 2,72,679,40.822131,-73.910536,Lucent,3,270,Active,,,,,,,,,,,,,,,
180,NY05XC303,NY-MANHATTAN 2,72,679,40.826666,-73.860833,Lucent,1,330,Active,,,,,,,,,,,,,,,
180,NY05XC303,NY-MANHATTAN 2,72,679,40.826666,-73.860833,Lucent,2,120,Active,,,,,,,,,,,,,,,
180,NY05XC303,NY-MANHATTAN 2,72,679,40.826666,-73.860833,Lucent,3,225,Active,,,,,,,,,,,,,,,
181,NY05XC304,NY-MANHATTAN 2,72,679,40.845,-73.904444,Lucent,1,32,Active,,,,,,,,,,,,,,,
181,NY05XC304,NY-MANHATTAN 2,72,679,40.845,-73.904444,Lucent,2,115,Active,,,,,,,,,,,,,,,
181,NY05XC304,NY-MANHATTAN 2,72,679,40.845,-73.904444,Lucent,3,240,Active,,,,,,,,,,,,,,,
182,NY05XC305,NY-MANHATTAN 2,72,679,40.846111,-73.924444,Lucent,1,20,Active,,,,,,,,,,,,,,,
182,NY05XC305,NY-MANHATTAN 2,72,679,40.846111,-73.924444,Lucent,2,140,Active,,,,,,,,,,,,,,,
182,NY05XC305,NY-MANHATTAN 2,72,679,40.846111,-73.924444,Lucent,3,280,Active,,,,,,,,,,,,,,,
183,NY05XC306,NY-MANHATTAN 2,72,679,40.815,-73.929999,Lucent,1,330,Active,,,,,,,,,,,,,,,
183,NY05XC306,NY-MANHATTAN 2,72,679,40.815,-73.929999,Lucent,2,140,Active,,,,,,,,,,,,,,,
183,NY05XC306,NY-MANHATTAN 2,72,679,40.815,-73.929999,Lucent,3,240,Active,,,,,,,,,,,,,,,
184,NY73XC603,NY-MANHATTAN 2,72,679,40.827789,-73.85,Lucent,1,45,Active,,,,,,,,,,,,,,,
184,NY73XC603,NY-MANHATTAN 2,72,679,40.827789,-73.85,Lucent,2,195,Active,,,,,,,,,,,,,,,
184,NY73XC603,NY-MANHATTAN 2,72,679,40.827789,-73.85,Lucent,3,280,Active,,,,,,,,,,,,,,,
185,NY54XC913,NY-MANHATTAN 2,72,679,40.818333,-73.863056,Lucent,1,80,Active,,,,,,,,,,,,,,,
185,NY54XC913,NY-MANHATTAN 2,72,679,40.818333,-73.863056,Lucent,2,150,Active,,,,,,,,,,,,,,,
185,NY54XC913,NY-MANHATTAN 2,72,679,40.818333,-73.863056,Lucent,3,270,Active,,,,,,,,,,,,,,,
186,NY73XC550,NY-MANHATTAN 2,72,679,40.820999,-73.854,Lucent,1,30,Active,,,,,,,,,,,,,,,
186,NY73XC550,NY-MANHATTAN 2,72,679,40.820999,-73.854,Lucent,2,150,Active,,,,,,,,,,,,,,,
186,NY73XC550,NY-MANHATTAN 2,72,679,40.820999,-73.854,Lucent,3,270,Active,,,,,,,,,,,,,,,
187,NY73XC535,NY-MANHATTAN 2,72,679,40.811008,-73.8553,Lucent,1,330,Active,,,,,,,,,,,,,,,
187,NY73XC535,NY-MANHATTAN 2,72,679,40.811008,-73.8553,Lucent,2,55,Active,,,,,,,,,,,,,,,
187,NY73XC535,NY-MANHATTAN 2,72,679,40.811008,-73.8553,Lucent,3,155,Active,,,,,,,,,,,,,,,
188,NY81XC825,NY-MANHATTAN 2,72,679,40.807083,-73.914542,Lucent,1,330,Active,,,,,,,,,,,,,,,
188,NY81XC825,NY-MANHATTAN 2,72,679,40.807083,-73.914542,Lucent,2,70,Active,,,,,,,,,,,,,,,
188,NY81XC825,NY-MANHATTAN 2,72,679,40.807083,-73.914542,Lucent,3,200,Active,,,,,,,,,,,,,,,
191,NY58XC021,NY-MANHATTAN 2,72,679,40.809764,-73.953683,Lucent,1,35,Active,,,,,,,,,,,,,,,
191,NY58XC021,NY-MANHATTAN 2,72,679,40.809764,-73.953683,Lucent,2,100,Active,,,,,,,,,,,,,,,
191,NY58XC021,NY-MANHATTAN 2,72,679,40.809764,-73.953683,Lucent,3,220,Active,,,,,,,,,,,,,,,
193,NY58XC018,NY-MANHATTAN 2,72,679,40.825646,-73.907483,Lucent,1,0,Active,,,,,,,,,,,,,,,
193,NY58XC018,NY-MANHATTAN 2,72,679,40.825646,-73.907483,Lucent,2,125,Active,,,,,,,,,,,,,,,
193,NY58XC018,NY-MANHATTAN 2,72,679,40.825646,-73.907483,Lucent,3,240,Active,,,,,,,,,,,,,,,
195,NY23XC269,NY-MANHATTAN 2,72,679,40.803056,-73.988055,Lucent,1,330,Active,,,,,,,,,,,,,,,
195,NY23XC269,NY-MANHATTAN 2,72,679,40.803056,-73.988055,Lucent,2,120,Active,,,,,,,,,,,,,,,
195,NY23XC269,NY-MANHATTAN 2,72,679,40.803056,-73.988055,Lucent,3,245,Active,,,,,,,,,,,,,,,
197,NY99XT991,NY-MANHATTAN 2,72,679,40.741209,-74.003058,Lucent,1,0,Nonactive,,,,,,,,,,,,,,,
200,NY98XC500,NY-MANHATTAN 2,72,679,40.829519,-73.926625,Lucent,1,0,Active,,,,,,,,,,,,,,,
200,NY98XC500,NY-MANHATTAN 2,72,679,40.829519,-73.926625,Lucent,2,0,Active,,,,,,,,,,,,,,,
200,NY98XC500,NY-MANHATTAN 2,72,679,40.829519,-73.926625,Lucent,3,0,Active,,,,,,,,,,,,,,,
208,NY14XC927,NY-MANHATTAN 2,72,679,40.822587,-73.94992,Lucent,1,350,Active,,,,,,,,,,,,,,,
208,NY14XC927,NY-MANHATTAN 2,72,679,40.822587,-73.94992,Lucent,2,100,Active,,,,,,,,,,,,,,,
208,NY14XC927,NY-MANHATTAN 2,72,679,40.822587,-73.94992,Lucent,3,190,Active,,,,,,,,,,,,,,,
209,NY14XC929,NY-MANHATTAN 2,72,679,40.805,-73.940555,Lucent,1,0,Active,,,,,,,,,,,,,,,
209,NY14XC929,NY-MANHATTAN 2,72,679,40.805,-73.940555,Lucent,2,135,Active,,,,,,,,,,,,,,,
209,NY14XC929,NY-MANHATTAN 2,72,679,40.805,-73.940555,Lucent,3,260,Active,,,,,,,,,,,,,,,
213,NY04XC842,NY-MANHATTAN 2,72,679,40.786389,-73.939722,Lucent,1,75,Active,,,,,,,,,,,,,,,
213,NY04XC842,NY-MANHATTAN 2,72,679,40.786389,-73.939722,Lucent,2,225,Active,,,,,,,,,,,,,,,
213,NY04XC842,NY-MANHATTAN 2,72,679,40.786389,-73.939722,Lucent,3,285,Active,,,,,,,,,,,,,,,
214,NY04XC854,NY-MANHATTAN 2,72,679,40.795277,-73.975833,Lucent,1,0,Active,,,,,,,,,,,,,,,
214,NY04XC854,NY-MANHATTAN 2,72,679,40.795277,-73.975833,Lucent,2,120,Active,,,,,,,,,,,,,,,
214,NY04XC854,NY-MANHATTAN 2,72,679,40.795277,-73.975833,Lucent,3,270,Active,,,,,,,,,,,,,,,
215,NY04XC869,NY-MANHATTAN 2,72,679,40.8125,-73.961389,Lucent,1,20,Active,,,,,,,,,,,,,,,
215,NY04XC869,NY-MANHATTAN 2,72,679,40.8125,-73.961389,Lucent,2,100,Active,,,,,,,,,,,,,,,
215,NY04XC869,NY-MANHATTAN 2,72,679,40.8125,-73.961389,Lucent,3,270,Active,,,,,,,,,,,,,,,
216,NY24XC967,NY-MANHATTAN 2,72,679,40.801944,-73.958056,Lucent,1,50,Active,,,,,,,,,,,,,,,
216,NY24XC967,NY-MANHATTAN 2,72,679,40.801944,-73.958056,Lucent,2,145,Active,,,,,,,,,,,,,,,
216,NY24XC967,NY-MANHATTAN 2,72,679,40.801944,-73.958056,Lucent,3,335,Active,,,,,,,,,,,,,,,
217,NY60XC050,NY-MANHATTAN 2,72,679,40.814227,-73.956039,Lucent,1,60,Active,,,,,,,,,,,,,,,
217,NY60XC050,NY-MANHATTAN 2,72,679,40.814227,-73.956039,Lucent,2,170,Active,,,,,,,,,,,,,,,
217,NY60XC050,NY-MANHATTAN 2,72,679,40.814227,-73.956039,Lucent,3,290,Active,,,,,,,,,,,,,,,
224,NY54XC906,NY-MANHATTAN 2,72,679,40.831759,-73.8894,Lucent,1,100,Active,,,,,,,,,,,,,,,
224,NY54XC906,NY-MANHATTAN 2,72,679,40.831759,-73.8894,Lucent,2,180,Active,,,,,,,,,,,,,,,
224,NY54XC906,NY-MANHATTAN 2,72,679,40.831759,-73.8894,Lucent,3,310,Active,,,,,,,,,,,,,,,
226,NY57XC012,NY-MANHATTAN 2,72,679,40.829962,-73.921562,Lucent,1,15,Active,,,,,,,,,,,,,,,
226,NY57XC012,NY-MANHATTAN 2,72,679,40.829962,-73.921562,Lucent,2,125,Active,,,,,,,,,,,,,,,
226,NY57XC012,NY-MANHATTAN 2,72,679,40.829962,-73.921562,Lucent,3,250,Active,,,,,,,,,,,,,,,
227,NY81XC821,NY-MANHATTAN 2,72,679,40.811225,-73.902639,Lucent,1,70,Active,,,,,,,,,,,,,,,
227,NY81XC821,NY-MANHATTAN 2,72,679,40.811225,-73.902639,Lucent,2,225,Active,,,,,,,,,,,,,,,
227,NY81XC821,NY-MANHATTAN 2,72,679,40.811225,-73.902639,Lucent,3,330,Active,,,,,,,,,,,,,,,
228,NY57XC005,NY-MANHATTAN 2,72,679,40.777499,-73.9555,Lucent,1,340,Active,,,,,,,,,,,,,,,
228,NY57XC005,NY-MANHATTAN 2,72,679,40.777499,-73.9555,Lucent,2,90,Active,,,,,,,,,,,,,,,
228,NY57XC005,NY-MANHATTAN 2,72,679,40.777499,-73.9555,Lucent,3,175,Active,,,,,,,,,,,,,,,
229,NY60XC146,NY-MANHATTAN 2,72,679,40.81043,-73.921539,Lucent,1,60,Active,,,,,,,,,,,,,,,
229,NY60XC146,NY-MANHATTAN 2,72,679,40.81043,-73.921539,Lucent,2,150,Active,,,,,,,,,,,,,,,
229,NY60XC146,NY-MANHATTAN 2,72,679,40.81043,-73.921539,Lucent,3,270,Active,,,,,,,,,,,,,,,
230,NY60XC151,NY-MANHATTAN 2,72,679,40.8512,-73.90006,Lucent,1,40,Active,,,,,,,,,,,,,,,
230,NY60XC151,NY-MANHATTAN 2,72,679,40.8512,-73.90006,Lucent,2,120,Active,,,,,,,,,,,,,,,
230,NY60XC151,NY-MANHATTAN 2,72,679,40.8512,-73.90006,Lucent,3,260,Active,,,,,,,,,,,,,,,
231,NY60XC043,NY-MANHATTAN 2,72,679,40.775635,-73.952933,Lucent,1,0,Active,,,,,,,,,,,,,,,
231,NY60XC043,NY-MANHATTAN 2,72,679,40.775635,-73.952933,Lucent,2,150,Active,,,,,,,,,,,,,,,
231,NY60XC043,NY-MANHATTAN 2,72,679,40.775635,-73.952933,Lucent,3,270,Active,,,,,,,,,,,,,,,
232,NY60XC087,NY-MANHATTAN 2,72,679,40.773238,-73.950353,Lucent,1,10,Active,,,,,,,,,,,,,,,
232,NY60XC087,NY-MANHATTAN 2,72,679,40.773238,-73.950353,Lucent,2,135,Active,,,,,,,,,,,,,,,
232,NY60XC087,NY-MANHATTAN 2,72,679,40.773238,-73.950353,Lucent,3,260,Active,,,,,,,,,,,,,,,
233,NY60XC005,NY-MANHATTAN 2,72,679,40.800733,-73.935377,Lucent,1,85,Active,,,,,,,,,,,,,,,
233,NY60XC005,NY-MANHATTAN 2,72,679,40.800733,-73.935377,Lucent,2,180,Active,,,,,,,,,,,,,,,
233,NY60XC005,NY-MANHATTAN 2,72,679,40.800733,-73.935377,Lucent,3,310,Active,,,,,,,,,,,,,,,
234,NY60XC007,NY-MANHATTAN 2,72,679,40.771802,-73.953414,Lucent,1,60,Active,,,,,,,,,,,,,,,
234,NY60XC007,NY-MANHATTAN 2,72,679,40.771802,-73.953414,Lucent,2,180,Active,,,,,,,,,,,,,,,
234,NY60XC007,NY-MANHATTAN 2,72,679,40.771802,-73.953414,Lucent,3,280,Active,,,,,,,,,,,,,,,
240,NY60XC168,NY-MANHATTAN 2,72,679,40.83973,-73.89932,Lucent,1,85,Active,,,,,,,,,,,,,,,
240,NY60XC168,NY-MANHATTAN 2,72,679,40.83973,-73.89932,Lucent,2,140,Active,,,,,,,,,,,,,,,
240,NY60XC168,NY-MANHATTAN 2,72,679,40.83973,-73.89932,Lucent,3,230,Active,,,,,,,,,,,,,,,
245,NY59XC001,NY-MANHATTAN 2,72,679,40.852333,-73.931972,Lucent,1,330,Active,,,,,,,,,,,,,,,
245,NY59XC001,NY-MANHATTAN 2,72,679,40.852333,-73.931972,Lucent,2,105,Active,,,,,,,,,,,,,,,
245,NY59XC001,NY-MANHATTAN 2,72,679,40.852333,-73.931972,Lucent,3,200,Active,,,,,,,,,,,,,,,
256,NY60XC164,NY-MANHATTAN 2,72,679,40.838069,-73.915089,Lucent,1,0,Active,,,,,,,,,,,,,,,
256,NY60XC164,NY-MANHATTAN 2,72,679,40.838069,-73.915089,Lucent,2,90,Active,,,,,,,,,,,,,,,
256,NY60XC164,NY-MANHATTAN 2,72,679,40.838069,-73.915089,Lucent,3,290,Active,,,,,,,,,,,,,,,
257,NY60XC144,NY-MANHATTAN 2,72,679,40.819009,-73.94046,Lucent,1,10,Active,,,,,,,,,,,,,,,
257,NY60XC144,NY-MANHATTAN 2,72,679,40.819009,-73.94046,Lucent,2,130,Active,,,,,,,,,,,,,,,
257,NY60XC144,NY-MANHATTAN 2,72,679,40.819009,-73.94046,Lucent,3,255,Active,,,,,,,,,,,,,,,
259,NY60XC107,NY-MANHATTAN 2,72,679,40.792836,-73.950178,Lucent,1,60,Active,,,,,,,,,,,,,,,
259,NY60XC107,NY-MANHATTAN 2,72,679,40.792836,-73.950178,Lucent,2,180,Active,,,,,,,,,,,,,,,
259,NY60XC107,NY-MANHATTAN 2,72,679,40.792836,-73.950178,Lucent,3,280,Active,,,,,,,,,,,,,,,
260,NY60XC055,NY-MANHATTAN 2,72,679,40.789677,-73.947905,Lucent,1,355,Active,,,,,,,,,,,,,,,
260,NY60XC055,NY-MANHATTAN 2,72,679,40.789677,-73.947905,Lucent,2,115,Active,,,,,,,,,,,,,,,
260,NY60XC055,NY-MANHATTAN 2,72,679,40.789677,-73.947905,Lucent,3,240,Active,,,,,,,,,,,,,,,
261,NY62XC004,NY-MANHATTAN 2,72,679,40.832016,-73.862494,Lucent,1,0,Active,,,,,,,,,,,,,,,
261,NY62XC004,NY-MANHATTAN 2,72,679,40.832016,-73.862494,Lucent,2,150,Active,,,,,,,,,,,,,,,
261,NY62XC004,NY-MANHATTAN 2,72,679,40.832016,-73.862494,Lucent,3,210,Active,,,,,,,,,,,,,,,
262,NY62XC010,NY-MANHATTAN 2,72,679,40.824313,-73.891716,Lucent,1,340,Active,,,,,,,,,,,,,,,
262,NY62XC010,NY-MANHATTAN 2,72,679,40.824313,-73.891716,Lucent,2,90,Active,,,,,,,,,,,,,,,
262,NY62XC010,NY-MANHATTAN 2,72,679,40.824313,-73.891716,Lucent,3,250,Active,,,,,,,,,,,,,,,
264,NY62XC012,NY-MANHATTAN 2,72,679,40.832119,-73.916709,Lucent,1,90,Active,,,,,,,,,,,,,,,
264,NY62XC012,NY-MANHATTAN 2,72,679,40.832119,-73.916709,Lucent,2,180,Active,,,,,,,,,,,,,,,
264,NY62XC012,NY-MANHATTAN 2,72,679,40.832119,-73.916709,Lucent,3,295,Active,,,,,,,,,,,,,,,
265,NY62XC013,NY-MANHATTAN 2,72,679,40.847039,-73.913925,Lucent,1,35,Active,,,,,,,,,,,,,,,
265,NY62XC013,NY-MANHATTAN 2,72,679,40.847039,-73.913925,Lucent,2,125,Active,,,,,,,,,,,,,,,
265,NY62XC013,NY-MANHATTAN 2,72,679,40.847039,-73.913925,Lucent,3,200,Active,,,,,,,,,,,,,,,
266,NY54XC928,NY-MANHATTAN 2,72,679,40.806444,-73.963861,Lucent,1,60,Active,,,,,,,,,,,,,,,
266,NY54XC928,NY-MANHATTAN 2,72,679,40.806444,-73.963861,Lucent,2,140,Active,,,,,,,,,,,,,,,
266,NY54XC928,NY-MANHATTAN 2,72,679,40.806444,-73.963861,Lucent,3,230,Active,,,,,,,,,,,,,,,
267,NY70XC618,NY-MANHATTAN 2,72,679,40.820533,-73.954433,Lucent,1,355,Active,,,,,,,,,,,,,,,
267,NY70XC618,NY-MANHATTAN 2,72,679,40.820533,-73.954433,Lucent,2,105,Active,,,,,,,,,,,,,,,
267,NY70XC618,NY-MANHATTAN 2,72,679,40.820533,-73.954433,Lucent,3,240,Active,,,,,,,,,,,,,,,
269,NY60XC123,NY-MANHATTAN 2,72,679,40.775852,-73.960722,Lucent,1,120,Active,,,,,,,,,,,,,,,
269,NY60XC123,NY-MANHATTAN 2,72,679,40.775852,-73.960722,Lucent,2,210,Active,,,,,,,,,,,,,,,
270,NY60XC057,NY-MANHATTAN 2,72,679,40.851861,-73.934527,Lucent,1,340,Active,,,,,,,,,,,,,,,
270,NY60XC057,NY-MANHATTAN 2,72,679,40.851861,-73.934527,Lucent,2,100,Active,,,,,,,,,,,,,,,
270,NY60XC057,NY-MANHATTAN 2,72,679,40.851861,-73.934527,Lucent,3,230,Active,,,,,,,,,,,,,,,
271,NY60XC001,NY-MANHATTAN 2,72,679,40.793583,-73.940027,Lucent,1,60,Active,,,,,,,,,,,,,,,
271,NY60XC001,NY-MANHATTAN 2,72,679,40.793583,-73.940027,Lucent,2,180,Active,,,,,,,,,,,,,,,
271,NY60XC001,NY-MANHATTAN 2,72,679,40.793583,-73.940027,Lucent,3,300,Active,,,,,,,,,,,,,,,
280,NY60XC075,NY-MANHATTAN 2,72,679,40.77291,-73.960869,Lucent,1,30,Active,,,,,,,,,,,,,,,
280,NY60XC075,NY-MANHATTAN 2,72,679,40.77291,-73.960869,Lucent,2,120,Active,,,,,,,,,,,,,,,
280,NY60XC075,NY-MANHATTAN 2,72,679,40.77291,-73.960869,Lucent,3,270,Active,,,,,,,,,,,,,,,
283,NY70XC601,NY-MANHATTAN 2,72,679,40.799747,-73.952694,Lucent,1,30,Active,,,,,,,,,,,,,,,
283,NY70XC601,NY-MANHATTAN 2,72,679,40.799747,-73.952694,Lucent,2,150,Active,,,,,,,,,,,,,,,
283,NY70XC601,NY-MANHATTAN 2,72,679,40.799747,-73.952694,Lucent,3,270,Active,,,,,,,,,,,,,,,
285,NY65XC003,NY-MANHATTAN 2,72,679,40.858456,-73.931522,Lucent,1,40,Active,,,,,,,,,,,,,,,
285,NY65XC003,NY-MANHATTAN 2,72,679,40.858456,-73.931522,Lucent,2,120,Active,,,,,,,,,,,,,,,
285,NY65XC003,NY-MANHATTAN 2,72,679,40.858456,-73.931522,Lucent,3,215,Active,,,,,,,,,,,,,,,
286,NY70XC619,NY-MANHATTAN 2,72,679,40.822898,-73.952519,Lucent,1,340,Active,,,,,,,,,,,,,,,
286,NY70XC619,NY-MANHATTAN 2,72,679,40.822898,-73.952519,Lucent,2,120,Active,,,,,,,,,,,,,,,
286,NY70XC619,NY-MANHATTAN 2,72,679,40.822898,-73.952519,Lucent,3,225,Active,,,,,,,,,,,,,,,
293,NY70XC574,NY-MANHATTAN 2,72,679,40.792086,-73.974413,Lucent,1,330,Active,,,,,,,,,,,,,,,
293,NY70XC574,NY-MANHATTAN 2,72,679,40.792086,-73.974413,Lucent,2,90,Active,,,,,,,,,,,,,,,
293,NY70XC574,NY-MANHATTAN 2,72,679,40.792086,-73.974413,Lucent,3,240,Active,,,,,,,,,,,,,,,
501,NY24XC960,NY-MANHATTAN 2,72,679,40.764444,-73.959167,Lucent,1,0,Active,,,,,,,,,,,,,,,
501,NY24XC960,NY-MANHATTAN 2,72,679,40.764444,-73.959167,Lucent,2,120,Active,,,,,,,,,,,,,,,
501,NY24XC960,NY-MANHATTAN 2,72,679,40.764444,-73.959167,Lucent,3,240,Active,,,,,,,,,,,,,,,
502,NY54XC983,NY-MANHATTAN 2,72,679,40.720555,-73.97861,Lucent,1,20,Active,,,,,,,,,,,,,,,
502,NY54XC983,NY-MANHATTAN 2,72,679,40.720555,-73.97861,Lucent,2,180,Active,,,,,,,,,,,,,,,
502,NY54XC983,NY-MANHATTAN 2,72,679,40.720555,-73.97861,Lucent,3,240,Active,,,,,,,,,,,,,,,
503,NY24XC959,NY-MANHATTAN 2,72,679,40.707222,-74.01,Lucent,1,310,Active,,,,,,,,,,,,,,,
503,NY24XC959,NY-MANHATTAN 2,72,679,40.707222,-74.01,Lucent,2,65,Active,,,,,,,,,,,,,,,
503,NY24XC959,NY-MANHATTAN 2,72,679,40.707222,-74.01,Lucent,3,190,Active,,,,,,,,,,,,,,,
504,NY98XC189,NY-MANHATTAN 2,72,679,40.764656,-73.961047,Lucent,1,0,Active,,,,,,,,,,,,,,,
505,NY14XC940,NY-MANHATTAN 2,72,679,40.722222,-73.988333,Lucent,1,340,Active,,,,,,,,,,,,,,,
505,NY14XC940,NY-MANHATTAN 2,72,679,40.722222,-73.988333,Lucent,2,60,Active,,,,,,,,,,,,,,,
505,NY14XC940,NY-MANHATTAN 2,72,679,40.722222,-73.988333,Lucent,3,160,Active,,,,,,,,,,,,,,,
506,NY24XC953,NY-MANHATTAN 2,72,679,40.71367,-73.9977,Lucent,1,330,Active,,,,,,,,,,,,,,,
506,NY24XC953,NY-MANHATTAN 2,72,679,40.71367,-73.9977,Lucent,2,80,Active,,,,,,,,,,,,,,,
506,NY24XC953,NY-MANHATTAN 2,72,679,40.71367,-73.9977,Lucent,3,264,Active,,,,,,,,,,,,,,,
507,NY73XC501,NY-MANHATTAN 2,72,679,40.760841,-73.992917,Lucent,1,340,Active,,,,,,,,,,,,,,,
507,NY73XC501,NY-MANHATTAN 2,72,679,40.760841,-73.992917,Lucent,2,75,Active,,,,,,,,,,,,,,,
507,NY73XC501,NY-MANHATTAN 2,72,679,40.760841,-73.992917,Lucent,3,260,Active,,,,,,,,,,,,,,,
508,NY54XC919,NY-MANHATTAN 2,72,679,40.759455,-73.988488,Lucent,1,46,Active,,,,,,,,,,,,,,,
508,NY54XC919,NY-MANHATTAN 2,72,679,40.759455,-73.988488,Lucent,2,175,Active,,,,,,,,,,,,,,,
508,NY54XC919,NY-MANHATTAN 2,72,679,40.759455,-73.988488,Lucent,3,295,Active,,,,,,,,,,,,,,,
509,NY24XC964,NY-MANHATTAN 2,72,679,40.735277,-73.988611,Lucent,1,350,Active,,,,,,,,,,,,,,,
509,NY24XC964,NY-MANHATTAN 2,72,679,40.735277,-73.988611,Lucent,2,145,Active,,,,,,,,,,,,,,,
509,NY24XC964,NY-MANHATTAN 2,72,679,40.735277,-73.988611,Lucent,3,250,Active,,,,,,,,,,,,,,,
510,NY14XC932,NY-MANHATTAN 2,72,679,40.765,-73.984444,Lucent,1,356,Active,,,,,,,,,,,,,,,
510,NY14XC932,NY-MANHATTAN 2,72,679,40.765,-73.984444,Lucent,2,110,Active,,,,,,,,,,,,,,,
510,NY14XC932,NY-MANHATTAN 2,72,679,40.765,-73.984444,Lucent,3,212,Active,,,,,,,,,,,,,,,
511,NY14XC931,NY-MANHATTAN 2,72,679,40.751456,-73.98695,Lucent,1,340,Active,,,,,,,,,,,,,,,
511,NY14XC931,NY-MANHATTAN 2,72,679,40.751456,-73.98695,Lucent,2,154,Active,,,,,,,,,,,,,,,
511,NY14XC931,NY-MANHATTAN 2,72,679,40.751456,-73.98695,Lucent,3,280,Active,,,,,,,,,,,,,,,
512,NY14XC930,NY-MANHATTAN 2,72,679,40.716666,-74.005,Lucent,1,60,Nonactive,,,,,,,,,,,,,,,
512,NY14XC930,NY-MANHATTAN 2,72,679,40.716666,-74.005,Lucent,2,195,Nonactive,,,,,,,,,,,,,,,
512,NY14XC930,NY-MANHATTAN 2,72,679,40.716666,-74.005,Lucent,3,300,Nonactive,,,,,,,,,,,,,,,
513,NY14XC928,NY-MANHATTAN 2,72,679,40.767909,-73.961457,Lucent,1,0,Active,,,,,,,,,,,,,,,
513,NY14XC928,NY-MANHATTAN 2,72,679,40.767909,-73.961457,Lucent,2,150,Active,,,,,,,,,,,,,,,
513,NY14XC928,NY-MANHATTAN 2,72,679,40.767909,-73.961457,Lucent,3,240,Active,,,,,,,,,,,,,,,
514,NY14XC924,NY-MANHATTAN 2,72,679,40.745833,-73.989444,Lucent,1,74,Active,,,,,,,,,,,,,,,
514,NY14XC924,NY-MANHATTAN 2,72,679,40.745833,-73.989444,Lucent,2,150,Active,,,,,,,,,,,,,,,
514,NY14XC924,NY-MANHATTAN 2,72,679,40.745833,-73.989444,Lucent,3,280,Active,,,,,,,,,,,,,,,
515,NY34XC806,NY-MANHATTAN 2,72,679,40.757833,-73.990861,Lucent,1,30,Active,,,,,,,,,,,,,,,
515,NY34XC806,NY-MANHATTAN 2,72,679,40.757833,-73.990861,Lucent,2,170,Active,,,,,,,,,,,,,,,
515,NY34XC806,NY-MANHATTAN 2,72,679,40.757833,-73.990861,Lucent,3,280,Active,,,,,,,,,,,,,,,
516,NY25XC800,NY-MANHATTAN 2,72,679,40.764878,-73.955575,Lucent,1,330,Nonactive,,,,,,,,,,,,,,,
516,NY25XC800,NY-MANHATTAN 2,72,679,40.764878,-73.955575,Lucent,2,70,Nonactive,,,,,,,,,,,,,,,
516,NY25XC800,NY-MANHATTAN 2,72,679,40.764878,-73.955575,Lucent,3,190,Nonactive,,,,,,,,,,,,,,,
517,NY04XC843,NY-MANHATTAN 2,72,679,40.757778,-73.955,Lucent,1,0,Active,,,,,,,,,,,,,,,
517,NY04XC843,NY-MANHATTAN 2,72,679,40.757778,-73.955,Lucent,3,240,Active,,,,,,,,,,,,,,,
518,NY60XC125,NY-MANHATTAN 2,72,679,40.767682,-73.982511,Lucent,1,50,Active,,,,,,,,,,,,,,,
518,NY60XC125,NY-MANHATTAN 2,72,679,40.767682,-73.982511,Lucent,2,170,Active,,,,,,,,,,,,,,,
518,NY60XC125,NY-MANHATTAN 2,72,679,40.767682,-73.982511,Lucent,3,270,Active,,,,,,,,,,,,,,,
521,NY60XC070,NY-MANHATTAN 2,72,679,40.751103,-73.971535,Lucent,1,60,Active,,,,,,,,,,,,,,,
521,NY60XC070,NY-MANHATTAN 2,72,679,40.751103,-73.971535,Lucent,2,180,Active,,,,,,,,,,,,,,,
521,NY60XC070,NY-MANHATTAN 2,72,679,40.751103,-73.971535,Lucent,3,310,Active,,,,,,,,,,,,,,,
523,NY14XC941,NY-MANHATTAN 2,72,679,40.734166,-73.992222,Lucent,1,30,Active,,,,,,,,,,,,,,,
523,NY14XC941,NY-MANHATTAN 2,72,679,40.734166,-73.992222,Lucent,2,145,Active,,,,,,,,,,,,,,,
523,NY14XC941,NY-MANHATTAN 2,72,679,40.734166,-73.992222,Lucent,3,270,Active,,,,,,,,,,,,,,,
524,NY25XC508,NY-MANHATTAN 2,72,679,40.751169,-73.968555,Lucent,1,15,Active,,,,,,,,,,,,,,,
524,NY25XC508,NY-MANHATTAN 2,72,679,40.751169,-73.968555,Lucent,2,210,Active,,,,,,,,,,,,,,,
524,NY25XC508,NY-MANHATTAN 2,72,679,40.751169,-73.968555,Lucent,3,315,Active,,,,,,,,,,,,,,,
526,NY73XC541,NY-MANHATTAN 2,72,679,40.746416,-73.977257,Lucent,1,350,Active,,,,,,,,,,,,,,,
526,NY73XC541,NY-MANHATTAN 2,72,679,40.746416,-73.977257,Lucent,2,145,Active,,,,,,,,,,,,,,,
526,NY73XC541,NY-MANHATTAN 2,72,679,40.746416,-73.977257,Lucent,3,250,Active,,,,,,,,,,,,,,,
527,NY81XC101,NY-MANHATTAN 2,72,679,40.756408,-73.988903,Lucent,1,60,Active,,,,,,,,,,,,,,,
527,NY81XC101,NY-MANHATTAN 2,72,679,40.756408,-73.988903,Lucent,2,150,Active,,,,,,,,,,,,,,,
527,NY81XC101,NY-MANHATTAN 2,72,679,40.756408,-73.988903,Lucent,3,290,Active,,,,,,,,,,,,,,,
528,NY25XC514,NY-MANHATTAN 2,72,679,40.75441,-73.96895,Lucent,1,20,Active,,,,,,,,,,,,,,,
528,NY25XC514,NY-MANHATTAN 2,72,679,40.75441,-73.96895,Lucent,2,170,Active,,,,,,,,,,,,,,,
528,NY25XC514,NY-MANHATTAN 2,72,679,40.75441,-73.96895,Lucent,3,250,Active,,,,,,,,,,,,,,,
529,NY25XC930,NY-MANHATTAN 2,72,679,40.716986,-74.004094,Lucent,1,30,Active,,,,,,,,,,,,,,,
529,NY25XC930,NY-MANHATTAN 2,72,679,40.716986,-74.004094,Lucent,2,135,Active,,,,,,,,,,,,,,,
529,NY25XC930,NY-MANHATTAN 2,72,679,40.716986,-74.004094,Lucent,3,300,Active,,,,,,,,,,,,,,,
532,NY98XC175,NY-MANHATTAN 2,72,679,40.755833,-73.987666,Lucent,1,0,Active,,,,,,,,,,,,,,,
533,NY14XC935,NY-MANHATTAN 2,72,679,40.7575,-73.979999,Lucent,1,32,Active,,,,,,,,,,,,,,,
533,NY14XC935,NY-MANHATTAN 2,72,679,40.7575,-73.979999,Lucent,2,119,Active,,,,,,,,,,,,,,,
533,NY14XC935,NY-MANHATTAN 2,72,679,40.7575,-73.979999,Lucent,3,245,Active,,,,,,,,,,,,,,,
534,NY14XC938,NY-MANHATTAN 2,72,679,40.742222,-74.007222,Lucent,1,10,Active,,,,,,,,,,,,,,,
534,NY14XC938,NY-MANHATTAN 2,72,679,40.742222,-74.007222,Lucent,2,110,Active,,,,,,,,,,,,,,,
534,NY14XC938,NY-MANHATTAN 2,72,679,40.742222,-74.007222,Lucent,3,190,Active,,,,,,,,,,,,,,,
536,NY14XC936,NY-MANHATTAN 2,72,679,40.75647,-73.985025,Lucent,1,0,Active,,,,,,,,,,,,,,,
536,NY14XC936,NY-MANHATTAN 2,72,679,40.75647,-73.985025,Lucent,2,160,Active,,,,,,,,,,,,,,,
536,NY14XC936,NY-MANHATTAN 2,72,679,40.75647,-73.985025,Lucent,3,260,Active,,,,,,,,,,,,,,,
537,NY14XC937,NY-MANHATTAN 2,72,679,40.75278,-73.974949,Lucent,1,35,Active,,,,,,,,,,,,,,,
537,NY14XC937,NY-MANHATTAN 2,72,679,40.75278,-73.974949,Lucent,2,150,Active,,,,,,,,,,,,,,,
537,NY14XC937,NY-MANHATTAN 2,72,679,40.75278,-73.974949,Lucent,3,260,Active,,,,,,,,,,,,,,,
538,NY70XC502,NY-MANHATTAN 2,72,679,40.705978,-74.005478,Lucent,1,300,Active,,,,,,,,,,,,,,,
538,NY70XC502,NY-MANHATTAN 2,72,679,40.705978,-74.005478,Lucent,2,105,Active,,,,,,,,,,,,,,,
538,NY70XC502,NY-MANHATTAN 2,72,679,40.705978,-74.005478,Lucent,3,205,Active,,,,,,,,,,,,,,,
539,NY98XC178,NY-MANHATTAN 2,72,679,40.75535,-73.9842,Lucent,1,0,Active,,,,,,,,,,,,,,,
539,NY98XC178,NY-MANHATTAN 2,72,679,40.75535,-73.9842,Lucent,2,120,Active,,,,,,,,,,,,,,,
539,NY98XC178,NY-MANHATTAN 2,72,679,40.75535,-73.9842,Lucent,3,240,Active,,,,,,,,,,,,,,,
540,NY73XC742,NY-MANHATTAN 2,72,679,40.762931,-73.99884,Lucent,1,55,Active,,,,,,,,,,,,,,,
540,NY73XC742,NY-MANHATTAN 2,72,679,40.762931,-73.99884,Lucent,2,200,Active,,,,,,,,,,,,,,,
540,NY73XC742,NY-MANHATTAN 2,72,679,40.762931,-73.99884,Lucent,3,300,Active,,,,,,,,,,,,,,,
541,NY98XC195,NY-MANHATTAN 2,72,679,40.703317,-74.009014,Lucent,1,0,Active,,,,,,,,,,,,,,,
542,NY24XC968,NY-MANHATTAN 2,72,679,40.736833,-73.995194,Lucent,1,0,Active,,,,,,,,,,,,,,,
542,NY24XC968,NY-MANHATTAN 2,72,679,40.736833,-73.995194,Lucent,2,110,Active,,,,,,,,,,,,,,,
542,NY24XC968,NY-MANHATTAN 2,72,679,40.736833,-73.995194,Lucent,3,220,Active,,,,,,,,,,,,,,,
543,NY81XC828,NY-MANHATTAN 2,72,679,40.747709,-73.992818,Lucent,1,30,Active,,,,,,,,,,,,,,,
544,NY54XC980,NY-MANHATTAN 2,72,679,40.756046,-73.971523,Lucent,1,46,Active,,,,,,,,,,,,,,,
544,NY54XC980,NY-MANHATTAN 2,72,679,40.756046,-73.971523,Lucent,2,172,Active,,,,,,,,,,,,,,,
544,NY54XC980,NY-MANHATTAN 2,72,679,40.756046,-73.971523,Lucent,3,297,Active,,,,,,,,,,,,,,,
546,NY24XC963,NY-MANHATTAN 2,72,679,40.747222,-73.996777,Lucent,1,0,Active,,,,,,,,,,,,,,,
546,NY24XC963,NY-MANHATTAN 2,72,679,40.747222,-73.996777,Lucent,2,160,Active,,,,,,,,,,,,,,,
546,NY24XC963,NY-MANHATTAN 2,72,679,40.747222,-73.996777,Lucent,3,200,Active,,,,,,,,,,,,,,,
547,NY54XC918,NY-MANHATTAN 2,72,679,40.768333,-73.987222,Lucent,1,270,Active,,,,,,,,,,,,,,,
547,NY54XC918,NY-MANHATTAN 2,72,679,40.768333,-73.987222,Lucent,2,90,Active,,,,,,,,,,,,,,,
547,NY54XC918,NY-MANHATTAN 2,72,679,40.768333,-73.987222,Lucent,3,190,Active,,,,,,,,,,,,,,,
549,NY24XC972,NY-MANHATTAN 2,72,679,40.725774,-73.988943,Lucent,1,0,Active,,,,,,,,,,,,,,,
549,NY24XC972,NY-MANHATTAN 2,72,679,40.725774,-73.988943,Lucent,2,120,Active,,,,,,,,,,,,,,,
549,NY24XC972,NY-MANHATTAN 2,72,679,40.725774,-73.988943,Lucent,3,250,Active,,,,,,,,,,,,,,,
550,NY24XC949,NY-MANHATTAN 2,72,679,40.743889,-73.98111,Lucent,1,0,Active,,,,,,,,,,,,,,,
550,NY24XC949,NY-MANHATTAN 2,72,679,40.743889,-73.98111,Lucent,2,150,Active,,,,,,,,,,,,,,,
550,NY24XC949,NY-MANHATTAN 2,72,679,40.743889,-73.98111,Lucent,3,270,Active,,,,,,,,,,,,,,,
551,NY24XC945,NY-MANHATTAN 2,72,679,40.762,-73.982986,Lucent,1,20,Active,,,,,,,,,,,,,,,
551,NY24XC945,NY-MANHATTAN 2,72,679,40.762,-73.982986,Lucent,2,65,Active,,,,,,,,,,,,,,,
551,NY24XC945,NY-MANHATTAN 2,72,679,40.762,-73.982986,Lucent,3,150,Active,,,,,,,,,,,,,,,
552,NY34XC801,NY-MANHATTAN 2,72,679,40.761122,-74.004966,Lucent,1,317,Active,,,,,,,,,,,,,,,
554,NY24XC947,NY-MANHATTAN 2,72,679,40.75,-73.976666,Lucent,1,340,Active,,,,,,,,,,,,,,,
554,NY24XC947,NY-MANHATTAN 2,72,679,40.75,-73.976666,Lucent,2,100,Active,,,,,,,,,,,,,,,
554,NY24XC947,NY-MANHATTAN 2,72,679,40.75,-73.976666,Lucent,3,240,Active,,,,,,,,,,,,,,,
555,NY24XC952,NY-MANHATTAN 2,72,679,40.735555,-73.981666,Lucent,1,20,Active,,,,,,,,,,,,,,,
555,NY24XC952,NY-MANHATTAN 2,72,679,40.735555,-73.981666,Lucent,2,160,Active,,,,,,,,,,,,,,,
555,NY24XC952,NY-MANHATTAN 2,72,679,40.735555,-73.981666,Lucent,3,270,Active,,,,,,,,,,,,,,,
556,NY24XC951,NY-MANHATTAN 2,72,679,40.740586,-73.996018,Lucent,1,0,Active,,,,,,,,,,,,,,,
556,NY24XC951,NY-MANHATTAN 2,72,679,40.740586,-73.996018,Lucent,2,130,Active,,,,,,,,,,,,,,,
556,NY24XC951,NY-MANHATTAN 2,72,679,40.740586,-73.996018,Lucent,3,240,Active,,,,,,,,,,,,,,,
558,NY81XC105,NY-MANHATTAN 2,72,679,40.740464,-73.990572,Lucent,1,10,Active,,,,,,,,,,,,,,,
558,NY81XC105,NY-MANHATTAN 2,72,679,40.740464,-73.990572,Lucent,2,130,Active,,,,,,,,,,,,,,,
558,NY81XC105,NY-MANHATTAN 2,72,679,40.740464,-73.990572,Lucent,3,230,Active,,,,,,,,,,,,,,,
559,NY34XC802,NY-MANHATTAN 2,72,679,40.760589,-74.005327,Lucent,1,287,Active,,,,,,,,,,,,,,,
560,NY24XC950,NY-MANHATTAN 2,72,679,40.747777,-73.988611,Lucent,1,52,Active,,,,,,,,,,,,,,,
560,NY24XC950,NY-MANHATTAN 2,72,679,40.747777,-73.988611,Lucent,2,110,Active,,,,,,,,,,,,,,,
560,NY24XC950,NY-MANHATTAN 2,72,679,40.747777,-73.988611,Lucent,3,250,Active,,,,,,,,,,,,,,,
561,NY54XC901,NY-MANHATTAN 2,72,679,40.746433,-73.984319,Lucent,1,334,Active,,,,,,,,,,,,,,,
561,NY54XC901,NY-MANHATTAN 2,72,679,40.746433,-73.984319,Lucent,2,110,Active,,,,,,,,,,,,,,,
561,NY54XC901,NY-MANHATTAN 2,72,679,40.746433,-73.984319,Lucent,3,220,Active,,,,,,,,,,,,,,,
562,NY54XC981,NY-MANHATTAN 2,72,679,40.738035,-73.976529,Lucent,1,0,Active,,,,,,,,,,,,,,,
562,NY54XC981,NY-MANHATTAN 2,72,679,40.738035,-73.976529,Lucent,2,230,Active,,,,,,,,,,,,,,,
562,NY54XC981,NY-MANHATTAN 2,72,679,40.738035,-73.976529,Lucent,3,300,Active,,,,,,,,,,,,,,,
563,NY54XC903,NY-MANHATTAN 2,72,679,40.765747,-73.979307,Lucent,1,310,Active,,,,,,,,,,,,,,,
563,NY54XC903,NY-MANHATTAN 2,72,679,40.765747,-73.979307,Lucent,2,100,Active,,,,,,,,,,,,,,,
563,NY54XC903,NY-MANHATTAN 2,72,679,40.765747,-73.979307,Lucent,3,200,Active,,,,,,,,,,,,,,,
564,NY24XC955,NY-MANHATTAN 2,72,679,40.753889,-73.992777,Lucent,1,100,Active,,,,,,,,,,,,,,,
564,NY24XC955,NY-MANHATTAN 2,72,679,40.753889,-73.992777,Lucent,2,160,Active,,,,,,,,,,,,,,,
564,NY24XC955,NY-MANHATTAN 2,72,679,40.753889,-73.992777,Lucent,3,230,Active,,,,,,,,,,,,,,,
565,NY24XC944,NY-MANHATTAN 2,72,679,40.763056,-73.971388,Lucent,1,330,Active,,,,,,,,,,,,,,,
565,NY24XC944,NY-MANHATTAN 2,72,679,40.763056,-73.971388,Lucent,2,135,Active,,,,,,,,,,,,,,,
565,NY24XC944,NY-MANHATTAN 2,72,679,40.763056,-73.971388,Lucent,3,221,Active,,,,,,,,,,,,,,,
566,NY54XC920,NY-MANHATTAN 2,72,679,40.739792,-73.987083,Lucent,1,140,Active,,,,,,,,,,,,,,,
566,NY54XC920,NY-MANHATTAN 2,72,679,40.739792,-73.987083,Lucent,2,270,Active,,,,,,,,,,,,,,,
566,NY54XC920,NY-MANHATTAN 2,72,679,40.739792,-73.987083,Lucent,3,320,Active,,,,,,,,,,,,,,,
567,NY54XC985,NY-MANHATTAN 2,72,679,40.729833,-73.992722,Lucent,1,0,Active,,,,,,,,,,,,,,,
567,NY54XC985,NY-MANHATTAN 2,72,679,40.729833,-73.992722,Lucent,2,160,Active,,,,,,,,,,,,,,,
567,NY54XC985,NY-MANHATTAN 2,72,679,40.729833,-73.992722,Lucent,3,240,Active,,,,,,,,,,,,,,,
568,NY24XC957,NY-MANHATTAN 2,72,679,40.709722,-74.008611,Lucent,1,60,Active,,,,,,,,,,,,,,,
568,NY24XC957,NY-MANHATTAN 2,72,679,40.709722,-74.008611,Lucent,2,210,Active,,,,,,,,,,,,,,,
568,NY24XC957,NY-MANHATTAN 2,72,679,40.709722,-74.008611,Lucent,3,270,Active,,,,,,,,,,,,,,,
569,NY54XC986,NY-MANHATTAN 2,72,679,40.711568,-74.005325,Lucent,1,350,Active,,,,,,,,,,,,,,,
569,NY54XC986,NY-MANHATTAN 2,72,679,40.711568,-74.005325,Lucent,2,130,Active,,,,,,,,,,,,,,,
569,NY54XC986,NY-MANHATTAN 2,72,679,40.711568,-74.005325,Lucent,3,200,Active,,,,,,,,,,,,,,,
573,NY24XC946,NY-MANHATTAN 2,72,679,40.755833,-73.979722,Lucent,1,120,Active,,,,,,,,,,,,,,,
573,NY24XC946,NY-MANHATTAN 2,72,679,40.755833,-73.979722,Lucent,2,210,Active,,,,,,,,,,,,,,,
573,NY24XC946,NY-MANHATTAN 2,72,679,40.755833,-73.979722,Lucent,3,280,Active,,,,,,,,,,,,,,,
575,NY25XC801,NY-MANHATTAN 2,72,679,40.762778,-73.997222,Lucent,1,60,Active,,,,,,,,,,,,,,,
575,NY25XC801,NY-MANHATTAN 2,72,679,40.762778,-73.997222,Lucent,2,120,Active,,,,,,,,,,,,,,,
575,NY25XC801,NY-MANHATTAN 2,72,679,40.762778,-73.997222,Lucent,3,190,Active,,,,,,,,,,,,,,,
576,NY25XC503,NY-MANHATTAN 2,72,679,40.758944,-74.000167,Lucent,1,20,Active,,,,,,,,,,,,,,,
576,NY25XC503,NY-MANHATTAN 2,72,679,40.758944,-74.000167,Lucent,2,150,Active,,,,,,,,,,,,,,,
576,NY25XC503,NY-MANHATTAN 2,72,679,40.758944,-74.000167,Lucent,3,230,Active,,,,,,,,,,,,,,,
577,NY96XC005,NY-MANHATTAN 2,72,679,40.75788,-74.00249,Lucent,1,0,Nonactive,,,,,,,,,,,,,,,
577,NY96XC005,NY-MANHATTAN 2,72,679,40.75788,-74.00249,Lucent,2,0,Nonactive,,,,,,,,,,,,,,,
577,NY96XC005,NY-MANHATTAN 2,72,679,40.75788,-74.00249,Lucent,3,0,Nonactive,,,,,,,,,,,,,,,
578,NY96XC023,NY-MANHATTAN 2,72,679,40.75788,-74.00249,Lucent,1,0,Nonactive,,,,,,,,,,,,,,,
578,NY96XC023,NY-MANHATTAN 2,72,679,40.75788,-74.00249,Lucent,2,0,Nonactive,,,,,,,,,,,,,,,
578,NY96XC023,NY-MANHATTAN 2,72,679,40.75788,-74.00249,Lucent,3,0,Nonactive,,,,,,,,,,,,,,,
579,NY96XC032,NY-MANHATTAN 2,72,679,40.75788,-74.00249,Lucent,1,0,Nonactive,,,,,,,,,,,,,,,
579,NY96XC032,NY-MANHATTAN 2,72,679,40.75788,-74.00249,Lucent,2,0,Nonactive,,,,,,,,,,,,,,,
579,NY96XC032,NY-MANHATTAN 2,72,679,40.75788,-74.00249,Lucent,3,0,Nonactive,,,,,,,,,,,,,,,
580,NY34XC804,NY-MANHATTAN 2,72,679,40.726413,-74.014139,Lucent,1,282,Active,,,,,,,,,,,,,,,
582,NY57XC002,NY-MANHATTAN 2,72,679,40.713778,-73.990639,Lucent,1,20,Active,,,,,,,,,,,,,,,
582,NY57XC002,NY-MANHATTAN 2,72,679,40.713778,-73.990639,Lucent,2,110,Active,,,,,,,,,,,,,,,
582,NY57XC002,NY-MANHATTAN 2,72,679,40.713778,-73.990639,Lucent,3,245,Active,,,,,,,,,,,,,,,
589,NY25XC802,NY-MANHATTAN 2,72,679,40.750278,-73.990833,Lucent,1,25,Active,,,,,,,,,,,,,,,
589,NY25XC802,NY-MANHATTAN 2,72,679,40.750278,-73.990833,Lucent,2,170,Active,,,,,,,,,,,,,,,
589,NY25XC802,NY-MANHATTAN 2,72,679,40.750278,-73.990833,Lucent,3,260,Active,,,,,,,,,,,,,,,
601,NY04XC850,NY-MANHATTAN 2,72,679,40.773729,-73.987406,Lucent,1,20,Active,,,,,,,,,,,,,,,
601,NY04XC850,NY-MANHATTAN 2,72,679,40.773729,-73.987406,Lucent,2,120,Active,,,,,,,,,,,,,,,
601,NY04XC850,NY-MANHATTAN 2,72,679,40.773729,-73.987406,Lucent,3,260,Active,,,,,,,,,,,,,,,
602,NY74XC560,NY-MANHATTAN 2,72,679,40.772778,-73.981089,Lucent,1,50,Active,,,,,,,,,,,,,,,
602,NY74XC560,NY-MANHATTAN 2,72,679,40.772778,-73.981089,Lucent,2,140,Active,,,,,,,,,,,,,,,
602,NY74XC560,NY-MANHATTAN 2,72,679,40.772778,-73.981089,Lucent,3,270,Active,,,,,,,,,,,,,,,
605,NY04XC868,NY-MANHATTAN 2,72,679,40.765278,-73.967222,Lucent,1,0,Active,,,,,,,,,,,,,,,
605,NY04XC868,NY-MANHATTAN 2,72,679,40.765278,-73.967222,Lucent,2,120,Active,,,,,,,,,,,,,,,
605,NY04XC868,NY-MANHATTAN 2,72,679,40.765278,-73.967222,Lucent,3,250,Active,,,,,,,,,,,,,,,
606,NY04XC867,NY-MANHATTAN 2,72,679,40.757635,-73.967896,Lucent,1,30,Active,,,,,,,,,,,,,,,
606,NY04XC867,NY-MANHATTAN 2,72,679,40.757635,-73.967896,Lucent,2,150,Active,,,,,,,,,,,,,,,
606,NY04XC867,NY-MANHATTAN 2,72,679,40.757635,-73.967896,Lucent,3,264,Active,,,,,,,,,,,,,,,
607,NY73XC739,NY-MANHATTAN 2,72,679,40.719356,-73.975569,Lucent,1,20,Active,,,,,,,,,,,,,,,
607,NY73XC739,NY-MANHATTAN 2,72,679,40.719356,-73.975569,Lucent,2,200,Active,,,,,,,,,,,,,,,
607,NY73XC739,NY-MANHATTAN 2,72,679,40.719356,-73.975569,Lucent,3,300,Active,,,,,,,,,,,,,,,
608,NY04XC872,NY-MANHATTAN 2,72,679,40.7525,-74.006667,Lucent,1,35,Active,,,,,,,,,,,,,,,
608,NY04XC872,NY-MANHATTAN 2,72,679,40.7525,-74.006667,Lucent,2,100,Active,,,,,,,,,,,,,,,
608,NY04XC872,NY-MANHATTAN 2,72,679,40.7525,-74.006667,Lucent,3,270,Active,,,,,,,,,,,,,,,
611,NY04XC820,NY-MANHATTAN 2,72,679,40.769722,-73.982499,Lucent,1,45,Active,,,,,,,,,,,,,,,
611,NY04XC820,NY-MANHATTAN 2,72,679,40.769722,-73.982499,Lucent,2,170,Active,,,,,,,,,,,,,,,
611,NY04XC820,NY-MANHATTAN 2,72,679,40.769722,-73.982499,Lucent,3,240,Active,,,,,,,,,,,,,,,
612,NY04XC805,NY-MANHATTAN 2,72,679,40.711667,-74.008889,Lucent,1,345,Active,,,,,,,,,,,,,,,
612,NY04XC805,NY-MANHATTAN 2,72,679,40.711667,-74.008889,Lucent,2,90,Active,,,,,,,,,,,,,,,
612,NY04XC805,NY-MANHATTAN 2,72,679,40.711667,-74.008889,Lucent,3,265,Active,,,,,,,,,,,,,,,
613,NY04XC811,NY-MANHATTAN 2,72,679,40.716111,-73.983055,Lucent,1,0,Active,,,,,,,,,,,,,,,
613,NY04XC811,NY-MANHATTAN 2,72,679,40.716111,-73.983055,Lucent,2,120,Active,,,,,,,,,,,,,,,
613,NY04XC811,NY-MANHATTAN 2,72,679,40.716111,-73.983055,Lucent,3,270,Active,,,,,,,,,,,,,,,
615,NY04XC824,NY-MANHATTAN 2,72,679,40.7375,-73.973888,Lucent,1,0,Active,,,,,,,,,,,,,,,
615,NY04XC824,NY-MANHATTAN 2,72,679,40.7375,-73.973888,Lucent,2,145,Active,,,,,,,,,,,,,,,
615,NY04XC824,NY-MANHATTAN 2,72,679,40.7375,-73.973888,Lucent,3,230,Active,,,,,,,,,,,,,,,
616,NY04XC823,NY-MANHATTAN 2,72,679,40.724179,-73.98244,Lucent,1,350,Active,,,,,,,,,,,,,,,
616,NY04XC823,NY-MANHATTAN 2,72,679,40.724179,-73.98244,Lucent,2,140,Active,,,,,,,,,,,,,,,
616,NY04XC823,NY-MANHATTAN 2,72,679,40.724179,-73.98244,Lucent,3,220,Active,,,,,,,,,,,,,,,
617,NY04XC821,NY-MANHATTAN 2,72,679,40.7075,-74.007222,Lucent,1,30,Active,,,,,,,,,,,,,,,
617,NY04XC821,NY-MANHATTAN 2,72,679,40.7075,-74.007222,Lucent,2,120,Active,,,,,,,,,,,,,,,
617,NY04XC821,NY-MANHATTAN 2,72,679,40.7075,-74.007222,Lucent,3,250,Active,,,,,,,,,,,,,,,
619,NY04XC808,NY-MANHATTAN 2,72,679,40.724722,-74.008611,Lucent,1,0,Active,,,,,,,,,,,,,,,
619,NY04XC808,NY-MANHATTAN 2,72,679,40.724722,-74.008611,Lucent,2,120,Active,,,,,,,,,,,,,,,
619,NY04XC808,NY-MANHATTAN 2,72,679,40.724722,-74.008611,Lucent,3,240,Active,,,,,,,,,,,,,,,
620,NY04XC807,NY-MANHATTAN 2,72,679,40.758333,-73.995555,Lucent,1,0,Active,,,,,,,,,,,,,,,
620,NY04XC807,NY-MANHATTAN 2,72,679,40.758333,-73.995555,Lucent,2,135,Active,,,,,,,,,,,,,,,
620,NY04XC807,NY-MANHATTAN 2,72,679,40.758333,-73.995555,Lucent,3,265,Active,,,,,,,,,,,,,,,
621,NY04XC812,NY-MANHATTAN 2,72,679,40.716666,-73.996111,Lucent,1,340,Active,,,,,,,,,,,,,,,
621,NY04XC812,NY-MANHATTAN 2,72,679,40.716666,-73.996111,Lucent,2,140,Active,,,,,,,,,,,,,,,
621,NY04XC812,NY-MANHATTAN 2,72,679,40.716666,-73.996111,Lucent,3,270,Active,,,,,,,,,,,,,,,
622,NY04XC898,NY-MANHATTAN 2,72,679,40.732855,-73.985472,Lucent,1,30,Active,,,,,,,,,,,,,,,
622,NY04XC898,NY-MANHATTAN 2,72,679,40.732855,-73.985472,Lucent,2,120,Active,,,,,,,,,,,,,,,
622,NY04XC898,NY-MANHATTAN 2,72,679,40.732855,-73.985472,Lucent,3,240,Active,,,,,,,,,,,,,,,
623,NY04XC822,NY-MANHATTAN 2,72,679,40.72111,-74.003611,Lucent,1,0,Active,,,,,,,,,,,,,,,
623,NY04XC822,NY-MANHATTAN 2,72,679,40.72111,-74.003611,Lucent,2,150,Active,,,,,,,,,,,,,,,
623,NY04XC822,NY-MANHATTAN 2,72,679,40.72111,-74.003611,Lucent,3,230,Active,,,,,,,,,,,,,,,
624,NY04XC804,NY-MANHATTAN 2,72,679,40.743889,-73.995555,Lucent,1,335,Active,,,,,,,,,,,,,,,
624,NY04XC804,NY-MANHATTAN 2,72,679,40.743889,-73.995555,Lucent,2,135,Active,,,,,,,,,,,,,,,
624,NY04XC804,NY-MANHATTAN 2,72,679,40.743889,-73.995555,Lucent,3,245,Active,,,,,,,,,,,,,,,
626,NY04XC802,NY-MANHATTAN 2,72,679,40.7625,-73.97611,Lucent,1,8,Active,,,,,,,,,,,,,,,
626,NY04XC802,NY-MANHATTAN 2,72,679,40.7625,-73.97611,Lucent,2,136,Active,,,,,,,,,,,,,,,
626,NY04XC802,NY-MANHATTAN 2,72,679,40.7625,-73.97611,Lucent,3,292,Active,,,,,,,,,,,,,,,
627,NY04XC801,NY-MANHATTAN 2,72,679,40.748889,-73.984444,Lucent,1,10,Active,,,,,,,,,,,,,,,
627,NY04XC801,NY-MANHATTAN 2,72,679,40.748889,-73.984444,Lucent,2,134,Active,,,,,,,,,,,,,,,
627,NY04XC801,NY-MANHATTAN 2,72,679,40.748889,-73.984444,Lucent,3,208,Active,,,,,,,,,,,,,,,
628,NY54XC911,NY-MANHATTAN 2,72,679,40.728333,-73.980277,Lucent,1,50,Active,,,,,,,,,,,,,,,
628,NY54XC911,NY-MANHATTAN 2,72,679,40.728333,-73.980277,Lucent,2,155,Active,,,,,,,,,,,,,,,
628,NY54XC911,NY-MANHATTAN 2,72,679,40.728333,-73.980277,Lucent,3,300,Active,,,,,,,,,,,,,,,
629,NY73XC594,NY-MANHATTAN 2,72,679,40.728522,-73.98435,Lucent,1,350,Active,,,,,,,,,,,,,,,
629,NY73XC594,NY-MANHATTAN 2,72,679,40.728522,-73.98435,Lucent,2,130,Active,,,,,,,,,,,,,,,
629,NY73XC594,NY-MANHATTAN 2,72,679,40.728522,-73.98435,Lucent,3,230,Active,,,,,,,,,,,,,,,
630,NY04XC888,NY-MANHATTAN 2,72,679,40.719722,-74.01,Lucent,1,0,Active,,,,,,,,,,,,,,,
630,NY04XC888,NY-MANHATTAN 2,72,679,40.719722,-74.01,Lucent,2,100,Active,,,,,,,,,,,,,,,
630,NY04XC888,NY-MANHATTAN 2,72,679,40.719722,-74.01,Lucent,3,225,Active,,,,,,,,,,,,,,,
631,NY04XC891,NY-MANHATTAN 2,72,679,40.729444,-73.998889,Lucent,1,0,Active,,,,,,,,,,,,,,,
631,NY04XC891,NY-MANHATTAN 2,72,679,40.729444,-73.998889,Lucent,2,120,Active,,,,,,,,,,,,,,,
631,NY04XC891,NY-MANHATTAN 2,72,679,40.729444,-73.998889,Lucent,3,240,Active,,,,,,,,,,,,,,,
632,NY73XC507,NY-MANHATTAN 2,72,679,40.730251,-73.9808,Lucent,1,0,Active,,,,,,,,,,,,,,,
632,NY73XC507,NY-MANHATTAN 2,72,679,40.730251,-73.9808,Lucent,2,100,Active,,,,,,,,,,,,,,,
632,NY73XC507,NY-MANHATTAN 2,72,679,40.730251,-73.9808,Lucent,3,270,Active,,,,,,,,,,,,,,,
633,NY04XC895,NY-MANHATTAN 2,72,679,40.724999,-73.975833,Lucent,1,0,Active,,,,,,,,,,,,,,,
633,NY04XC895,NY-MANHATTAN 2,72,679,40.724999,-73.975833,Lucent,2,120,Active,,,,,,,,,,,,,,,
633,NY04XC895,NY-MANHATTAN 2,72,679,40.724999,-73.975833,Lucent,3,220,Active,,,,,,,,,,,,,,,
634,NY04XC893,NY-MANHATTAN 2,72,679,40.722499,-73.995,Lucent,1,0,Active,,,,,,,,,,,,,,,
634,NY04XC893,NY-MANHATTAN 2,72,679,40.722499,-73.995,Lucent,2,120,Active,,,,,,,,,,,,,,,
634,NY04XC893,NY-MANHATTAN 2,72,679,40.722499,-73.995,Lucent,3,240,Active,,,,,,,,,,,,,,,
636,NY04XC834,NY-MANHATTAN 2,72,679,40.768333,-73.954167,Lucent,1,0,Active,,,,,,,,,,,,,,,
636,NY04XC834,NY-MANHATTAN 2,72,679,40.768333,-73.954167,Lucent,2,123,Active,,,,,,,,,,,,,,,
636,NY04XC834,NY-MANHATTAN 2,72,679,40.768333,-73.954167,Lucent,3,245,Active,,,,,,,,,,,,,,,
639,NY73XC750,NY-MANHATTAN 2,72,679,40.711194,-73.983639,Lucent,1,30,Active,,,,,,,,,,,,,,,
639,NY73XC750,NY-MANHATTAN 2,72,679,40.711194,-73.983639,Lucent,2,212,Active,,,,,,,,,,,,,,,
639,NY73XC750,NY-MANHATTAN 2,72,679,40.711194,-73.983639,Lucent,3,330,Active,,,,,,,,,,,,,,,
640,NY99XT803,NY-MANHATTAN 2,72,679,40.75997,-73.985246,Lucent,1,30,Active,,,,,,,,,,,,,,,
640,NY99XT803,NY-MANHATTAN 2,72,679,40.75997,-73.985246,Lucent,2,190,Active,,,,,,,,,,,,,,,
642,NY04XC809,NY-MANHATTAN 2,72,679,40.709444,-73.995,Lucent,1,350,Active,,,,,,,,,,,,,,,
642,NY04XC809,NY-MANHATTAN 2,72,679,40.709444,-73.995,Lucent,2,110,Active,,,,,,,,,,,,,,,
642,NY04XC809,NY-MANHATTAN 2,72,679,40.709444,-73.995,Lucent,3,230,Active,,,,,,,,,,,,,,,
644,NY04XC825,NY-MANHATTAN 2,72,679,40.737222,-74.002222,Lucent,1,0,Active,,,,,,,,,,,,,,,
644,NY04XC825,NY-MANHATTAN 2,72,679,40.737222,-74.002222,Lucent,2,150,Active,,,,,,,,,,,,,,,
644,NY04XC825,NY-MANHATTAN 2,72,679,40.737222,-74.002222,Lucent,3,270,Active,,,,,,,,,,,,,,,
645,NY04XC833,NY-MANHATTAN 2,72,679,40.771388,-73.966111,Lucent,1,60,Active,,,,,,,,,,,,,,,
645,NY04XC833,NY-MANHATTAN 2,72,679,40.771388,-73.966111,Lucent,2,135,Active,,,,,,,,,,,,,,,
645,NY04XC833,NY-MANHATTAN 2,72,679,40.771388,-73.966111,Lucent,3,290,Active,,,,,,,,,,,,,,,
646,NY04XC832,NY-MANHATTAN 2,72,679,40.775277,-73.979999,Lucent,1,0,Active,,,,,,,,,,,,,,,
646,NY04XC832,NY-MANHATTAN 2,72,679,40.775277,-73.979999,Lucent,2,120,Active,,,,,,,,,,,,,,,
646,NY04XC832,NY-MANHATTAN 2,72,679,40.775277,-73.979999,Lucent,3,250,Active,,,,,,,,,,,,,,,
647,NY04XC831,NY-MANHATTAN 2,72,679,40.76765,-73.995632,Lucent,1,20,Active,,,,,,,,,,,,,,,
647,NY04XC831,NY-MANHATTAN 2,72,679,40.76765,-73.995632,Lucent,2,105,Active,,,,,,,,,,,,,,,
647,NY04XC831,NY-MANHATTAN 2,72,679,40.76765,-73.995632,Lucent,3,220,Active,,,,,,,,,,,,,,,
648,NY70XC525,NY-MANHATTAN 2,72,679,40.731608,-73.989916,Lucent,1,0,Active,,,,,,,,,,,,,,,
648,NY70XC525,NY-MANHATTAN 2,72,679,40.731608,-73.989916,Lucent,2,100,Active,,,,,,,,,,,,,,,
648,NY70XC525,NY-MANHATTAN 2,72,679,40.731608,-73.989916,Lucent,3,225,Active,,,,,,,,,,,,,,,
649,NY04XC814,NY-MANHATTAN 2,72,679,40.746111,-73.975277,Lucent,1,8,Active,,,,,,,,,,,,,,,
649,NY04XC814,NY-MANHATTAN 2,72,679,40.746111,-73.975277,Lucent,2,110,Active,,,,,,,,,,,,,,,
649,NY04XC814,NY-MANHATTAN 2,72,679,40.746111,-73.975277,Lucent,3,225,Active,,,,,,,,,,,,,,,
650,NY04XC830,NY-MANHATTAN 2,72,679,40.758126,-73.972776,Lucent,1,355,Active,,,,,,,,,,,,,,,
650,NY04XC830,NY-MANHATTAN 2,72,679,40.758126,-73.972776,Lucent,2,80,Active,,,,,,,,,,,,,,,
650,NY04XC830,NY-MANHATTAN 2,72,679,40.758126,-73.972776,Lucent,3,245,Active,,,,,,,,,,,,,,,
651,NY04XC829,NY-MANHATTAN 2,72,679,40.740833,-73.983333,Lucent,1,25,Active,,,,,,,,,,,,,,,
651,NY04XC829,NY-MANHATTAN 2,72,679,40.740833,-73.983333,Lucent,2,115,Active,,,,,,,,,,,,,,,
651,NY04XC829,NY-MANHATTAN 2,72,679,40.740833,-73.983333,Lucent,3,255,Active,,,,,,,,,,,,,,,
652,NY04XC828,NY-MANHATTAN 2,72,679,40.738055,-73.990277,Lucent,1,0,Active,,,,,,,,,,,,,,,
652,NY04XC828,NY-MANHATTAN 2,72,679,40.738055,-73.990277,Lucent,2,150,Active,,,,,,,,,,,,,,,
652,NY04XC828,NY-MANHATTAN 2,72,679,40.738055,-73.990277,Lucent,3,250,Active,,,,,,,,,,,,,,,
654,NY04XC827,NY-MANHATTAN 2,72,679,40.750833,-73.996666,Lucent,1,25,Active,,,,,,,,,,,,,,,
654,NY04XC827,NY-MANHATTAN 2,72,679,40.750833,-73.996666,Lucent,2,106,Active,,,,,,,,,,,,,,,
654,NY04XC827,NY-MANHATTAN 2,72,679,40.750833,-73.996666,Lucent,3,240,Active,,,,,,,,,,,,,,,
655,NY60XC071,NY-MANHATTAN 2,72,679,40.75985,-73.970266,Lucent,1,60,Active,,,,,,,,,,,,,,,
655,NY60XC071,NY-MANHATTAN 2,72,679,40.75985,-73.970266,Lucent,2,180,Active,,,,,,,,,,,,,,,
655,NY60XC071,NY-MANHATTAN 2,72,679,40.75985,-73.970266,Lucent,3,280,Active,,,,,,,,,,,,,,,
656,NY04XC813,NY-MANHATTAN 2,72,679,40.759748,-73.963515,Lucent,1,0,Active,,,,,,,,,,,,,,,
656,NY04XC813,NY-MANHATTAN 2,72,679,40.759748,-73.963515,Lucent,2,110,Active,,,,,,,,,,,,,,,
656,NY04XC813,NY-MANHATTAN 2,72,679,40.759748,-73.963515,Lucent,3,255,Active,,,,,,,,,,,,,,,
658,NY60XC085,NY-MANHATTAN 2,72,679,40.751164,-73.976744,Lucent,1,30,Active,,,,,,,,,,,,,,,
658,NY60XC085,NY-MANHATTAN 2,72,679,40.751164,-73.976744,Lucent,2,120,Active,,,,,,,,,,,,,,,
658,NY60XC085,NY-MANHATTAN 2,72,679,40.751164,-73.976744,Lucent,3,175,Active,,,,,,,,,,,,,,,
659,NY04XC826,NY-MANHATTAN 2,72,679,40.745889,-74.003139,Lucent,1,350,Active,,,,,,,,,,,,,,,
659,NY04XC826,NY-MANHATTAN 2,72,679,40.745889,-74.003139,Lucent,2,95,Active,,,,,,,,,,,,,,,
659,NY04XC826,NY-MANHATTAN 2,72,679,40.745889,-74.003139,Lucent,3,250,Active,,,,,,,,,,,,,,,
663,NY98XC007,NY-MANHATTAN 2,72,679,40.749722,-73.9925,Lucent,1,0,Active,,,,,,,,,,,,,,,
663,NY98XC007,NY-MANHATTAN 2,72,679,40.749722,-73.9925,Lucent,2,180,Active,,,,,,,,,,,,,,,
663,NY98XC007,NY-MANHATTAN 2,72,679,40.749722,-73.9925,Lucent,3,270,Active,,,,,,,,,,,,,,,
664,NY60XC073,NY-MANHATTAN 2,72,679,40.7572,-73.97629,Lucent,1,340,Active,,,,,,,,,,,,,,,
664,NY60XC073,NY-MANHATTAN 2,72,679,40.7572,-73.97629,Lucent,2,90,Active,,,,,,,,,,,,,,,
664,NY60XC073,NY-MANHATTAN 2,72,679,40.7572,-73.97629,Lucent,3,240,Active,,,,,,,,,,,,,,,
665,NY25XC506,NY-MANHATTAN 2,72,679,40.753514,-73.971636,Lucent,1,80,Active,,,,,,,,,,,,,,,
665,NY25XC506,NY-MANHATTAN 2,72,679,40.753514,-73.971636,Lucent,2,150,Active,,,,,,,,,,,,,,,
665,NY25XC506,NY-MANHATTAN 2,72,679,40.753514,-73.971636,Lucent,3,320,Active,,,,,,,,,,,,,,,
667,NY98XC182,NY-MANHATTAN 2,72,679,40.756028,-73.975944,Lucent,1,0,Active,,,,,,,,,,,,,,,
670,NY25XC520,NY-MANHATTAN 2,72,679,40.761814,-73.972294,Lucent,1,10,Active,,,,,,,,,,,,,,,
670,NY25XC520,NY-MANHATTAN 2,72,679,40.761814,-73.972294,Lucent,2,115,Active,,,,,,,,,,,,,,,
670,NY25XC520,NY-MANHATTAN 2,72,679,40.761814,-73.972294,Lucent,3,220,Active,,,,,,,,,,,,,,,
671,NY25XC810,NY-MANHATTAN 2,72,679,40.7621,-73.955664,Lucent,1,10,Nonactive,,,,,,,,,,,,,,,
671,NY25XC810,NY-MANHATTAN 2,72,679,40.7621,-73.955664,Lucent,2,120,Nonactive,,,,,,,,,,,,,,,
671,NY25XC810,NY-MANHATTAN 2,72,679,40.7621,-73.955664,Lucent,3,270,Nonactive,,,,,,,,,,,,,,,
672,NY81XC826,NY-MANHATTAN 2,72,679,40.753367,-73.997058,Lucent,1,0,Active,,,,,,,,,,,,,,,
672,NY81XC826,NY-MANHATTAN 2,72,679,40.753367,-73.997058,Lucent,2,120,Active,,,,,,,,,,,,,,,
672,NY81XC826,NY-MANHATTAN 2,72,679,40.753367,-73.997058,Lucent,3,210,Active,,,,,,,,,,,,,,,
700,NY25XC500,NY-MANHATTAN 2,72,679,40.707625,-74.016466,Lucent,1,315,Active,,,,,,,,,,,,,,,
700,NY25XC500,NY-MANHATTAN 2,72,679,40.707625,-74.016466,Lucent,2,50,Active,,,,,,,,,,,,,,,
700,NY25XC500,NY-MANHATTAN 2,72,679,40.707625,-74.016466,Lucent,3,160,Active,,,,,,,,,,,,,,,
701,NY24XC969,NY-MANHATTAN 2,72,679,40.708811,-74.016688,Lucent,1,10,Active,,,,,,,,,,,,,,,
701,NY24XC969,NY-MANHATTAN 2,72,679,40.708811,-74.016688,Lucent,2,85,Active,,,,,,,,,,,,,,,
701,NY24XC969,NY-MANHATTAN 2,72,679,40.708811,-74.016688,Lucent,3,240,Active,,,,,,,,,,,,,,,
702,NY81XC103,NY-MANHATTAN 2,72,679,40.709756,-74.01216,Lucent,1,10,Active,,,,,,,,,,,,,,,
702,NY81XC103,NY-MANHATTAN 2,72,679,40.709756,-74.01216,Lucent,2,115,Active,,,,,,,,,,,,,,,
702,NY81XC103,NY-MANHATTAN 2,72,679,40.709756,-74.01216,Lucent,3,250,Active,,,,,,,,,,,,,,,
704,NY60XC134,NY-MANHATTAN 2,72,679,40.704833,-74.012472,Lucent,1,0,Active,,,,,,,,,,,,,,,
704,NY60XC134,NY-MANHATTAN 2,72,679,40.704833,-74.012472,Lucent,2,90,Active,,,,,,,,,,,,,,,
704,NY60XC134,NY-MANHATTAN 2,72,679,40.704833,-74.012472,Lucent,3,280,Active,,,,,,,,,,,,,,,
705,NY04XC844,NY-MANHATTAN 2,72,679,40.70539,-74.01099,Lucent,1,330,Active,,,,,,,,,,,,,,,
705,NY04XC844,NY-MANHATTAN 2,72,679,40.70539,-74.01099,Lucent,2,120,Active,,,,,,,,,,,,,,,
705,NY04XC844,NY-MANHATTAN 2,72,679,40.70539,-74.01099,Lucent,3,240,Active,,,,,,,,,,,,,,,
707,NY14XC922,NY-MANHATTAN 2,72,679,40.752778,-73.97861,Lucent,1,45,Active,,,,,,,,,,,,,,,
707,NY14XC922,NY-MANHATTAN 2,72,679,40.752778,-73.97861,Lucent,2,130,Active,,,,,,,,,,,,,,,
707,NY14XC922,NY-MANHATTAN 2,72,679,40.752778,-73.97861,Lucent,3,240,Active,,,,,,,,,,,,,,,
708,NY60XC136,NY-MANHATTAN 2,72,679,40.703647,-74.008275,Lucent,1,30,Active,,,,,,,,,,,,,,,
708,NY60XC136,NY-MANHATTAN 2,72,679,40.703647,-74.008275,Lucent,2,230,Active,,,,,,,,,,,,,,,
708,NY60XC136,NY-MANHATTAN 2,72,679,40.703647,-74.008275,Lucent,3,315,Active,,,,,,,,,,,,,,,
710,NY14XC926,NY-MANHATTAN 2,72,679,40.779166,-73.983611,Lucent,1,25,Active,,,,,,,,,,,,,,,
710,NY14XC926,NY-MANHATTAN 2,72,679,40.779166,-73.983611,Lucent,2,105,Active,,,,,,,,,,,,,,,
710,NY14XC926,NY-MANHATTAN 2,72,679,40.779166,-73.983611,Lucent,3,230,Active,,,,,,,,,,,,,,,
711,NY14XC925,NY-MANHATTAN 2,72,679,40.73111,-74.005556,Lucent,1,30,Active,,,,,,,,,,,,,,,
711,NY14XC925,NY-MANHATTAN 2,72,679,40.73111,-74.005556,Lucent,2,160,Active,,,,,,,,,,,,,,,
711,NY14XC925,NY-MANHATTAN 2,72,679,40.73111,-74.005556,Lucent,3,240,Active,,,,,,,,,,,,,,,
712,NY14XC923,NY-MANHATTAN 2,72,679,40.728333,-73.988333,Lucent,1,0,Active,,,,,,,,,,,,,,,
712,NY14XC923,NY-MANHATTAN 2,72,679,40.728333,-73.988333,Lucent,2,110,Active,,,,,,,,,,,,,,,
712,NY14XC923,NY-MANHATTAN 2,72,679,40.728333,-73.988333,Lucent,3,255,Active,,,,,,,,,,,,,,,
713,NY73XC728,NY-MANHATTAN 2,72,679,40.72711,-74.00759,Lucent,1,60,Active,,,,,,,,,,,,,,,
713,NY73XC728,NY-MANHATTAN 2,72,679,40.72711,-74.00759,Lucent,2,150,Active,,,,,,,,,,,,,,,
713,NY73XC728,NY-MANHATTAN 2,72,679,40.72711,-74.00759,Lucent,3,275,Active,,,,,,,,,,,,,,,
715,NY25XC512,NY-MANHATTAN 2,72,679,40.734948,-74.008934,Lucent,1,30,Active,,,,,,,,,,,,,,,
715,NY25XC512,NY-MANHATTAN 2,72,679,40.734948,-74.008934,Lucent,2,120,Active,,,,,,,,,,,,,,,
715,NY25XC512,NY-MANHATTAN 2,72,679,40.734948,-74.008934,Lucent,3,200,Active,,,,,,,,,,,,,,,
716,NY14XC943,NY-MANHATTAN 2,72,679,40.725141,-74.000619,Lucent,1,10,Active,,,,,,,,,,,,,,,
716,NY14XC943,NY-MANHATTAN 2,72,679,40.725141,-74.000619,Lucent,2,130,Active,,,,,,,,,,,,,,,
716,NY14XC943,NY-MANHATTAN 2,72,679,40.725141,-74.000619,Lucent,3,260,Active,,,,,,,,,,,,,,,
717,NY25XC510,NY-MANHATTAN 2,72,679,40.7025,-74.013644,Lucent,1,96,Active,,,,,,,,,,,,,,,
717,NY25XC510,NY-MANHATTAN 2,72,679,40.7025,-74.013644,Lucent,2,180,Active,,,,,,,,,,,,,,,
717,NY25XC510,NY-MANHATTAN 2,72,679,40.7025,-74.013644,Lucent,3,318,Active,,,,,,,,,,,,,,,
721,NY14XC939,NY-MANHATTAN 2,72,679,40.7125,-74.010278,Lucent,1,0,Active,,,,,,,,,,,,,,,
721,NY14XC939,NY-MANHATTAN 2,72,679,40.7125,-74.010278,Lucent,2,170,Active,,,,,,,,,,,,,,,
721,NY14XC939,NY-MANHATTAN 2,72,679,40.7125,-74.010278,Lucent,3,288,Active,,,,,,,,,,,,,,,
722,NY98XC163,NY-MANHATTAN 2,72,679,40.713531,-74.014683,Lucent,1,0,Active,,,,,,,,,,,,,,,
722,NY98XC163,NY-MANHATTAN 2,72,679,40.713531,-74.014683,Lucent,2,120,Active,,,,,,,,,,,,,,,
722,NY98XC163,NY-MANHATTAN 2,72,679,40.713531,-74.014683,Lucent,3,240,Active,,,,,,,,,,,,,,,
729,NY60XC034,NY-MANHATTAN 2,72,679,40.753289,-73.984777,Lucent,1,0,Active,,,,,,,,,,,,,,,
729,NY60XC034,NY-MANHATTAN 2,72,679,40.753289,-73.984777,Lucent,2,180,Active,,,,,,,,,,,,,,,
729,NY60XC034,NY-MANHATTAN 2,72,679,40.753289,-73.984777,Lucent,3,250,Active,,,,,,,,,,,,,,,
730,NY60XC035,NY-MANHATTAN 2,72,679,40.751469,-73.980441,Lucent,1,330,Active,,,,,,,,,,,,,,,
730,NY60XC035,NY-MANHATTAN 2,72,679,40.751469,-73.980441,Lucent,2,75,Active,,,,,,,,,,,,,,,
730,NY60XC035,NY-MANHATTAN 2,72,679,40.751469,-73.980441,Lucent,3,180,Active,,,,,,,,,,,,,,,
734,NY60XC017,NY-MANHATTAN 2,72,679,40.742139,-74.001175,Lucent,1,310,Active,,,,,,,,,,,,,,,
734,NY60XC017,NY-MANHATTAN 2,72,679,40.742139,-74.001175,Lucent,2,50,Active,,,,,,,,,,,,,,,
734,NY60XC017,NY-MANHATTAN 2,72,679,40.742139,-74.001175,Lucent,3,180,Active,,,,,,,,,,,,,,,
736,NY60XC015,NY-MANHATTAN 2,72,679,40.770413,-73.961839,Lucent,1,60,Active,,,,,,,,,,,,,,,
736,NY60XC015,NY-MANHATTAN 2,72,679,40.770413,-73.961839,Lucent,2,150,Active,,,,,,,,,,,,,,,
736,NY60XC015,NY-MANHATTAN 2,72,679,40.770413,-73.961839,Lucent,3,270,Active,,,,,,,,,,,,,,,
739,NY98XC140,NY-MANHATTAN 2,72,679,40.706,-74.008919,Lucent,1,0,Active,,,,,,,,,,,,,,,
739,NY98XC140,NY-MANHATTAN 2,72,679,40.706,-74.008919,Lucent,2,120,Active,,,,,,,,,,,,,,,
739,NY98XC140,NY-MANHATTAN 2,72,679,40.706,-74.008919,Lucent,3,240,Active,,,,,,,,,,,,,,,
740,NY60XC126,NY-MANHATTAN 2,72,679,40.765797,-73.990769,Lucent,1,15,Active,,,,,,,,,,,,,,,
740,NY60XC126,NY-MANHATTAN 2,72,679,40.765797,-73.990769,Lucent,2,85,Active,,,,,,,,,,,,,,,
740,NY60XC126,NY-MANHATTAN 2,72,679,40.765797,-73.990769,Lucent,3,240,Active,,,,,,,,,,,,,,,
741,NY60XC135,NY-MANHATTAN 2,72,679,40.707517,-74.013253,Lucent,1,320,Active,,,,,,,,,,,,,,,
741,NY60XC135,NY-MANHATTAN 2,72,679,40.707517,-74.013253,Lucent,2,60,Active,,,,,,,,,,,,,,,
741,NY60XC135,NY-MANHATTAN 2,72,679,40.707517,-74.013253,Lucent,3,180,Active,,,,,,,,,,,,,,,
742,NY60XC033,NY-MANHATTAN 2,72,679,40.754578,-73.988258,Lucent,1,350,Active,,,,,,,,,,,,,,,
742,NY60XC033,NY-MANHATTAN 2,72,679,40.754578,-73.988258,Lucent,2,125,Active,,,,,,,,,,,,,,,
742,NY60XC033,NY-MANHATTAN 2,72,679,40.754578,-73.988258,Lucent,3,195,Active,,,,,,,,,,,,,,,
744,NY60XC038,NY-MANHATTAN 2,72,679,40.754892,-73.996113,Lucent,1,30,Active,,,,,,,,,,,,,,,
744,NY60XC038,NY-MANHATTAN 2,72,679,40.754892,-73.996113,Lucent,2,150,Active,,,,,,,,,,,,,,,
744,NY60XC038,NY-MANHATTAN 2,72,679,40.754892,-73.996113,Lucent,3,250,Active,,,,,,,,,,,,,,,
745,NY58XC108,NY-MANHATTAN 2,72,679,40.724329,-73.99406,Lucent,1,330,Active,,,,,,,,,,,,,,,
745,NY58XC108,NY-MANHATTAN 2,72,679,40.724329,-73.99406,Lucent,2,100,Active,,,,,,,,,,,,,,,
745,NY58XC108,NY-MANHATTAN 2,72,679,40.724329,-73.99406,Lucent,3,210,Active,,,,,,,,,,,,,,,
756,NY60XC049,NY-MANHATTAN 2,72,679,40.749519,-73.98823,Lucent,1,10,Active,,,,,,,,,,,,,,,
756,NY60XC049,NY-MANHATTAN 2,72,679,40.749519,-73.98823,Lucent,2,105,Active,,,,,,,,,,,,,,,
756,NY60XC049,NY-MANHATTAN 2,72,679,40.749519,-73.98823,Lucent,3,240,Active,,,,,,,,,,,,,,,
758,NY60XC139,NY-MANHATTAN 2,72,679,40.765506,-73.987686,Lucent,1,60,Active,,,,,,,,,,,,,,,
758,NY60XC139,NY-MANHATTAN 2,72,679,40.765506,-73.987686,Lucent,2,180,Active,,,,,,,,,,,,,,,
758,NY60XC139,NY-MANHATTAN 2,72,679,40.765506,-73.987686,Lucent,3,230,Active,,,,,,,,,,,,,,,
759,NY60XC003,NY-MANHATTAN 2,72,679,40.737369,-73.984005,Lucent,1,0,Active,,,,,,,,,,,,,,,
759,NY60XC003,NY-MANHATTAN 2,72,679,40.737369,-73.984005,Lucent,2,100,Active,,,,,,,,,,,,,,,
759,NY60XC003,NY-MANHATTAN 2,72,679,40.737369,-73.984005,Lucent,3,240,Active,,,,,,,,,,,,,,,
760,NY70XC537,NY-MANHATTAN 2,72,679,40.746986,-74.0085,Lucent,1,30,Active,,,,,,,,,,,,,,,
760,NY70XC537,NY-MANHATTAN 2,72,679,40.746986,-74.0085,Lucent,2,165,Active,,,,,,,,,,,,,,,
760,NY70XC537,NY-MANHATTAN 2,72,679,40.746986,-74.0085,Lucent,3,280,Active,,,,,,,,,,,,,,,
761,NY60XC122,NY-MANHATTAN 2,72,679,40.770241,-73.987994,Lucent,1,40,Active,,,,,,,,,,,,,,,
761,NY60XC122,NY-MANHATTAN 2,72,679,40.770241,-73.987994,Lucent,2,180,Active,,,,,,,,,,,,,,,
761,NY60XC122,NY-MANHATTAN 2,72,679,40.770241,-73.987994,Lucent,3,290,Active,,,,,,,,,,,,,,,
762,NY60XC093,NY-MANHATTAN 2,72,679,40.760975,-73.985272,Lucent,1,340,Active,,,,,,,,,,,,,,,
762,NY60XC093,NY-MANHATTAN 2,72,679,40.760975,-73.985272,Lucent,2,90,Active,,,,,,,,,,,,,,,
762,NY60XC093,NY-MANHATTAN 2,72,679,40.760975,-73.985272,Lucent,3,210,Active,,,,,,,,,,,,,,,
763,NY60XC080,NY-MANHATTAN 2,72,679,40.714319,-74.0038,Lucent,1,0,Active,,,,,,,,,,,,,,,
763,NY60XC080,NY-MANHATTAN 2,72,679,40.714319,-74.0038,Lucent,2,90,Active,,,,,,,,,,,,,,,
763,NY60XC080,NY-MANHATTAN 2,72,679,40.714319,-74.0038,Lucent,3,270,Active,,,,,,,,,,,,,,,
764,NY60XC130,NY-MANHATTAN 2,72,679,40.71811,-74.001169,Lucent,1,20,Active,,,,,,,,,,,,,,,
764,NY60XC130,NY-MANHATTAN 2,72,679,40.71811,-74.001169,Lucent,2,120,Active,,,,,,,,,,,,,,,
764,NY60XC130,NY-MANHATTAN 2,72,679,40.71811,-74.001169,Lucent,3,270,Active,,,,,,,,,,,,,,,
766,NY60XC011,NY-MANHATTAN 2,72,679,40.717433,-73.99088,Lucent,1,345,Active,,,,,,,,,,,,,,,
766,NY60XC011,NY-MANHATTAN 2,72,679,40.717433,-73.99088,Lucent,2,120,Active,,,,,,,,,,,,,,,
766,NY60XC011,NY-MANHATTAN 2,72,679,40.717433,-73.99088,Lucent,3,230,Active,,,,,,,,,,,,,,,
767,NY60XC060,NY-MANHATTAN 2,72,679,40.764383,-73.963089,Lucent,1,50,Active,,,,,,,,,,,,,,,
767,NY60XC060,NY-MANHATTAN 2,72,679,40.764383,-73.963089,Lucent,2,160,Active,,,,,,,,,,,,,,,
767,NY60XC060,NY-MANHATTAN 2,72,679,40.764383,-73.963089,Lucent,3,300,Active,,,,,,,,,,,,,,,
768,NY60XC025,NY-MANHATTAN 2,72,679,40.759611,-73.977538,Lucent,1,355,Active,,,,,,,,,,,,,,,
768,NY60XC025,NY-MANHATTAN 2,72,679,40.759611,-73.977538,Lucent,2,150,Active,,,,,,,,,,,,,,,
768,NY60XC025,NY-MANHATTAN 2,72,679,40.759611,-73.977538,Lucent,3,270,Active,,,,,,,,,,,,,,,
769,NY60XC030,NY-MANHATTAN 2,72,679,40.759767,-73.99203,Lucent,1,60,Active,,,,,,,,,,,,,,,
769,NY60XC030,NY-MANHATTAN 2,72,679,40.759767,-73.99203,Lucent,2,180,Active,,,,,,,,,,,,,,,
769,NY60XC030,NY-MANHATTAN 2,72,679,40.759767,-73.99203,Lucent,3,250,Active,,,,,,,,,,,,,,,
770,NY60XC086,NY-MANHATTAN 2,72,679,40.760514,-73.973769,Lucent,1,60,Active,,,,,,,,,,,,,,,
770,NY60XC086,NY-MANHATTAN 2,72,679,40.760514,-73.973769,Lucent,2,180,Active,,,,,,,,,,,,,,,
770,NY60XC086,NY-MANHATTAN 2,72,679,40.760514,-73.973769,Lucent,3,285,Active,,,,,,,,,,,,,,,
771,NY60XC009,NY-MANHATTAN 2,72,679,40.762003,-73.963533,Lucent,1,355,Active,,,,,,,,,,,,,,,
771,NY60XC009,NY-MANHATTAN 2,72,679,40.762003,-73.963533,Lucent,2,135,Active,,,,,,,,,,,,,,,
771,NY60XC009,NY-MANHATTAN 2,72,679,40.762003,-73.963533,Lucent,3,255,Active,,,,,,,,,,,,,,,
772,NY60XC023,NY-MANHATTAN 2,72,679,40.757652,-73.963202,Lucent,1,300,Active,,,,,,,,,,,,,,,
772,NY60XC023,NY-MANHATTAN 2,72,679,40.757652,-73.963202,Lucent,2,140,Active,,,,,,,,,,,,,,,
772,NY60XC023,NY-MANHATTAN 2,72,679,40.757652,-73.963202,Lucent,3,210,Active,,,,,,,,,,,,,,,
773,NY60XC029,NY-MANHATTAN 2,72,679,40.763483,-73.989164,Lucent,1,0,Active,,,,,,,,,,,,,,,
773,NY60XC029,NY-MANHATTAN 2,72,679,40.763483,-73.989164,Lucent,2,180,Active,,,,,,,,,,,,,,,
773,NY60XC029,NY-MANHATTAN 2,72,679,40.763483,-73.989164,Lucent,3,250,Active,,,,,,,,,,,,,,,
774,NY60XC072,NY-MANHATTAN 2,72,679,40.754875,-73.975113,Lucent,1,30,Active,,,,,,,,,,,,,,,
774,NY60XC072,NY-MANHATTAN 2,72,679,40.754875,-73.975113,Lucent,2,195,Active,,,,,,,,,,,,,,,
774,NY60XC072,NY-MANHATTAN 2,72,679,40.754875,-73.975113,Lucent,3,295,Active,,,,,,,,,,,,,,,
775,NY60XC092,NY-MANHATTAN 2,72,679,40.748977,-73.980277,Lucent,1,340,Active,,,,,,,,,,,,,,,
775,NY60XC092,NY-MANHATTAN 2,72,679,40.748977,-73.980277,Lucent,2,60,Active,,,,,,,,,,,,,,,
775,NY60XC092,NY-MANHATTAN 2,72,679,40.748977,-73.980277,Lucent,3,180,Active,,,,,,,,,,,,,,,
776,NY60XC096,NY-MANHATTAN 2,72,679,40.77008,-73.957239,Lucent,1,325,Active,,,,,,,,,,,,,,,
776,NY60XC096,NY-MANHATTAN 2,72,679,40.77008,-73.957239,Lucent,2,145,Active,,,,,,,,,,,,,,,
776,NY60XC096,NY-MANHATTAN 2,72,679,40.77008,-73.957239,Lucent,3,235,Active,,,,,,,,,,,,,,,
777,NY60XC041,NY-MANHATTAN 2,72,679,40.741636,-73.99328,Lucent,1,0,Active,,,,,,,,,,,,,,,
777,NY60XC041,NY-MANHATTAN 2,72,679,40.741636,-73.99328,Lucent,2,130,Active,,,,,,,,,,,,,,,
777,NY60XC041,NY-MANHATTAN 2,72,679,40.741636,-73.99328,Lucent,3,240,Active,,,,,,,,,,,,,,,
778,NY60XC098,NY-MANHATTAN 2,72,679,40.763903,-73.966749,Lucent,1,350,Active,,,,,,,,,,,,,,,
778,NY60XC098,NY-MANHATTAN 2,72,679,40.763903,-73.966749,Lucent,2,150,Active,,,,,,,,,,,,,,,
778,NY60XC098,NY-MANHATTAN 2,72,679,40.763903,-73.966749,Lucent,3,250,Active,,,,,,,,,,,,,,,
779,NY60XC121,NY-MANHATTAN 2,72,679,40.764867,-73.970313,Lucent,1,0,Active,,,,,,,,,,,,,,,
779,NY60XC121,NY-MANHATTAN 2,72,679,40.764867,-73.970313,Lucent,2,110,Active,,,,,,,,,,,,,,,
779,NY60XC121,NY-MANHATTAN 2,72,679,40.764867,-73.970313,Lucent,3,250,Active,,,,,,,,,,,,,,,
780,NY60XC042,NY-MANHATTAN 2,72,679,40.747391,-74.001031,Lucent,1,60,Active,,,,,,,,,,,,,,,
780,NY60XC042,NY-MANHATTAN 2,72,679,40.747391,-74.001031,Lucent,2,180,Active,,,,,,,,,,,,,,,
780,NY60XC042,NY-MANHATTAN 2,72,679,40.747391,-74.001031,Lucent,3,280,Active,,,,,,,,,,,,,,,
783,NY60XC037,NY-MANHATTAN 2,72,679,40.747283,-73.972394,Lucent,1,75,Active,,,,,,,,,,,,,,,
783,NY60XC037,NY-MANHATTAN 2,72,679,40.747283,-73.972394,Lucent,2,210,Active,,,,,,,,,,,,,,,
783,NY60XC037,NY-MANHATTAN 2,72,679,40.747283,-73.972394,Lucent,3,330,Active,,,,,,,,,,,,,,,
784,NY60XC027,NY-MANHATTAN 2,72,679,40.756949,-73.978075,Lucent,1,0,Active,,,,,,,,,,,,,,,
784,NY60XC027,NY-MANHATTAN 2,72,679,40.756949,-73.978075,Lucent,2,150,Active,,,,,,,,,,,,,,,
784,NY60XC027,NY-MANHATTAN 2,72,679,40.756949,-73.978075,Lucent,3,240,Active,,,,,,,,,,,,,,,
785,NY60XC026,NY-MANHATTAN 2,72,679,40.762389,-73.979483,Lucent,1,50,Active,,,,,,,,,,,,,,,
785,NY60XC026,NY-MANHATTAN 2,72,679,40.762389,-73.979483,Lucent,2,170,Active,,,,,,,,,,,,,,,
785,NY60XC026,NY-MANHATTAN 2,72,679,40.762389,-73.979483,Lucent,3,230,Active,,,,,,,,,,,,,,,
786,NY60XC012,NY-MANHATTAN 2,72,679,40.749558,-73.972727,Lucent,1,30,Active,,,,,,,,,,,,,,,
786,NY60XC012,NY-MANHATTAN 2,72,679,40.749558,-73.972727,Lucent,2,120,Active,,,,,,,,,,,,,,,
786,NY60XC012,NY-MANHATTAN 2,72,679,40.749558,-73.972727,Lucent,3,240,Active,,,,,,,,,,,,,,,
787,NY60XC131,NY-MANHATTAN 2,72,679,40.732783,-73.996222,Lucent,1,60,Active,,,,,,,,,,,,,,,
787,NY60XC131,NY-MANHATTAN 2,72,679,40.732783,-73.996222,Lucent,2,180,Active,,,,,,,,,,,,,,,
787,NY60XC131,NY-MANHATTAN 2,72,679,40.732783,-73.996222,Lucent,3,300,Active,,,,,,,,,,,,,,,
788,NY60XC014,NY-MANHATTAN 2,72,679,40.756117,-73.964817,Lucent,1,330,Active,,,,,,,,,,,,,,,
788,NY60XC014,NY-MANHATTAN 2,72,679,40.756117,-73.964817,Lucent,2,60,Active,,,,,,,,,,,,,,,
788,NY60XC014,NY-MANHATTAN 2,72,679,40.756117,-73.964817,Lucent,3,180,Active,,,,,,,,,,,,,,,
789,NY60XC132,NY-MANHATTAN 2,72,679,40.707056,-74.008444,Lucent,1,35,Active,,,,,,,,,,,,,,,
789,NY60XC132,NY-MANHATTAN 2,72,679,40.707056,-74.008444,Lucent,2,220,Active,,,,,,,,,,,,,,,
789,NY60XC132,NY-MANHATTAN 2,72,679,40.707056,-74.008444,Lucent,3,310,Active,,,,,,,,,,,,,,,
790,NY60XC028,NY-MANHATTAN 2,72,679,40.757874,-73.981694,Lucent,1,0,Active,,,,,,,,,,,,,,,
790,NY60XC028,NY-MANHATTAN 2,72,679,40.757874,-73.981694,Lucent,2,80,Active,,,,,,,,,,,,,,,
790,NY60XC028,NY-MANHATTAN 2,72,679,40.757874,-73.981694,Lucent,3,235,Active,,,,,,,,,,,,,,,
791,NY98XC161,NY-MANHATTAN 2,72,679,40.756867,-73.982049,Lucent,1,0,Active,,,,,,,,,,,,,,,
792,NY60XC036,NY-MANHATTAN 2,72,679,40.75165,-73.977713,Lucent,1,30,Active,,,,,,,,,,,,,,,
792,NY60XC036,NY-MANHATTAN 2,72,679,40.75165,-73.977713,Lucent,2,210,Active,,,,,,,,,,,,,,,
792,NY60XC036,NY-MANHATTAN 2,72,679,40.75165,-73.977713,Lucent,3,300,Active,,,,,,,,,,,,,,,
793,NY98XC173,NY-MANHATTAN 2,72,679,40.752081,-73.982489,Lucent,1,0,Active,,,,,,,,,,,,,,,
794,NY98XC172,NY-MANHATTAN 2,72,679,40.762122,-73.984889,Lucent,1,0,Active,,,,,,,,,,,,,,,
795,NY98XC160,NY-MANHATTAN 2,72,679,40.758878,-73.979155,Lucent,1,0,Active,,,,,,,,,,,,,,,
795,NY98XC160,NY-MANHATTAN 2,72,679,40.758878,-73.979155,Lucent,2,60,Active,,,,,,,,,,,,,,,
795,NY98XC160,NY-MANHATTAN 2,72,679,40.758878,-73.979155,Lucent,3,300,Active,,,,,,,,,,,,,,,
796,NY98XC170,NY-MANHATTAN 2,72,679,40.755466,-73.976755,Lucent,1,0,Nonactive,,,,,,,,,,,,,,,
797,NY98XC157,NY-MANHATTAN 2,72,679,40.75345,-73.97696,Lucent,1,0,Active,,,,,,,,,,,,,,,
797,NY98XC157,NY-MANHATTAN 2,72,679,40.75345,-73.97696,Lucent,2,120,Active,,,,,,,,,,,,,,,
797,NY98XC157,NY-MANHATTAN 2,72,679,40.75345,-73.97696,Lucent,3,240,Active,,,,,,,,,,,,,,,
798,NY98XC158,NY-MANHATTAN 2,72,679,40.751564,-73.975338,Lucent,1,0,Active,,,,,,,,,,,,,,,
799,NY98XC174,NY-MANHATTAN 2,72,679,40.764944,-73.981711,Lucent,1,0,Active,,,,,,,,,,,,,,,
800,NY58XC113,NY-MANHATTAN 2,72,679,40.733669,-74.003353,Lucent,1,40,Active,,,,,,,,,,,,,,,
800,NY58XC113,NY-MANHATTAN 2,72,679,40.733669,-74.003353,Lucent,2,135,Active,,,,,,,,,,,,,,,
800,NY58XC113,NY-MANHATTAN 2,72,679,40.733669,-74.003353,Lucent,3,235,Active,,,,,,,,,,,,,,,
801,NY98XC255,NY-MANHATTAN 2,72,679,40.7585,-73.986,Lucent,1,0,Active,,,,,,,,,,,,,,,
801,NY98XC255,NY-MANHATTAN 2,72,679,40.7585,-73.986,Lucent,2,0,Active,,,,,,,,,,,,,,,
802,NY98XC203,NY-MANHATTAN 2,72,679,40.7493,-73.9758,Lucent,1,0,Nonactive,,,,,,,,,,,,,,,
803,NY98XC205,NY-MANHATTAN 2,72,679,40.7087,-74.0081,Lucent,1,0,Active,,,,,,,,,,,,,,,
804,NY98XC008,NY-MANHATTAN 2,72,679,40.7371,-74.0093,Lucent,1,0,Nonactive,,,,,,,,,,,,,,,
805,NY98XC207,NY-MANHATTAN 2,72,679,40.737,-73.9768,Lucent,1,0,Active,,,,,,,,,,,,,,,
806,NY98XC209,NY-MANHATTAN 2,72,679,40.7586,-73.9823,Lucent,1,0,Active,,,,,,,,,,,,,,,
807,NY98XC208,NY-MANHATTAN 2,72,679,40.7509,-73.9777,Lucent,1,0,Active,,,,,,,,,,,,,,,
808,NY98XC210,NY-MANHATTAN 2,72,679,40.7567,-73.9897,Lucent,1,0,Active,,,,,,,,,,,,,,,
811,NY98XC250,NY-MANHATTAN 2,72,679,40.7581,-73.9752,Lucent,1,0,Active,,,,,,,,,,,,,,,
811,NY98XC250,NY-MANHATTAN 2,72,679,40.7581,-73.9752,Lucent,2,0,Active,,,,,,,,,,,,,,,
815,NY98XC261,NY-MANHATTAN 2,72,679,40.7594,-73.9856,Lucent,1,0,Active,,,,,,,,,,,,,,,
815,NY98XC261,NY-MANHATTAN 2,72,679,40.7594,-73.9856,Lucent,2,0,Active,,,,,,,,,,,,,,,
816,NY98XC262,NY-MANHATTAN 2,72,679,40.7576,-73.9893,Lucent,1,0,Active,,,,,,,,,,,,,,,
816,NY98XC262,NY-MANHATTAN 2,72,679,40.7576,-73.9893,Lucent,2,0,Active,,,,,,,,,,,,,,,
817,NY98XC265,NY-MANHATTAN 2,72,679,40.7625,-73.9815,Lucent,1,0,Active,,,,,,,,,,,,,,,
817,NY98XC265,NY-MANHATTAN 2,72,679,40.7625,-73.9815,Lucent,2,0,Active,,,,,,,,,,,,,,,
817,NY98XC265,NY-MANHATTAN 2,72,679,40.7625,-73.9815,Lucent,3,0,Active,,,,,,,,,,,,,,,
843,NY98XC263,NY-MANHATTAN 2,72,679,40.7111,-74.0103,Lucent,1,0,Active,,,,,,,,,,,,,,,
843,NY98XC263,NY-MANHATTAN 2,72,679,40.7111,-74.0103,Lucent,2,0,Active,,,,,,,,,,,,,,,
845,NY81XC102,NY-MANHATTAN 2,72,679,40.715036,-74.015217,Lucent,1,0,Active,,,,,,,,,,,,,,,
845,NY81XC102,NY-MANHATTAN 2,72,679,40.715036,-74.015217,Lucent,2,35,Active,,,,,,,,,,,,,,,
845,NY81XC102,NY-MANHATTAN 2,72,679,40.715036,-74.015217,Lucent,3,215,Active,,,,,,,,,,,,,,,
850,NY96XC110,NY-MANHATTAN 2,72,679,40.7115,-74.0127,Lucent,1,0,Active,,,,,,,,,,,,,,,
900,NY99XT605,NY-MANHATTAN 2,72,679,40.759152,-73.985482,Lucent,1,70,Active,,,,,,,,,,,,,,,
900,NY99XT605,NY-MANHATTAN 2,72,679,40.759152,-73.985482,Lucent,2,150,Active,,,,,,,,,,,,,,,
900,NY99XT605,NY-MANHATTAN 2,72,679,40.759152,-73.985482,Lucent,3,330,Active,,,,,,,,,,,,,,,
901,NY99XT606,NY-MANHATTAN 2,72,679,40.758211,-73.989546,Lucent,1,50,Active,,,,,,,,,,,,,,,
901,NY99XT606,NY-MANHATTAN 2,72,679,40.758211,-73.989546,Lucent,2,150,Active,,,,,,,,,,,,,,,
901,NY99XT606,NY-MANHATTAN 2,72,679,40.758211,-73.989546,Lucent,3,190,Active,,,,,,,,,,,,,,,
902,NY99XT607,NY-MANHATTAN 2,72,679,40.756782,-73.985269,Lucent,1,10,Nonactive,,,,,,,,,,,,,,,
902,NY99XT607,NY-MANHATTAN 2,72,679,40.756782,-73.985269,Lucent,2,60,Nonactive,,,,,,,,,,,,,,,
902,NY99XT607,NY-MANHATTAN 2,72,679,40.756782,-73.985269,Lucent,3,315,Nonactive,,,,,,,,,,,,,,,
903,NY99XT608,NY-MANHATTAN 2,72,679,40.755,-73.98722,Lucent,1,20,Active,,,,,,,,,,,,,,,
903,NY99XT608,NY-MANHATTAN 2,72,679,40.755,-73.98722,Lucent,2,120,Active,,,,,,,,,,,,,,,
903,NY99XT608,NY-MANHATTAN 2,72,679,40.755,-73.98722,Lucent,3,300,Active,,,,,,,,,,,,,,,
904,NY99XT609,NY-MANHATTAN 2,72,679,40.752124,-73.98783,Lucent,1,40,Active,,,,,,,,,,,,,,,
904,NY99XT609,NY-MANHATTAN 2,72,679,40.752124,-73.98783,Lucent,2,115,Active,,,,,,,,,,,,,,,
904,NY99XT609,NY-MANHATTAN 2,72,679,40.752124,-73.98783,Lucent,3,155,Active,,,,,,,,,,,,,,,
905,NY99XT610,NY-MANHATTAN 2,72,679,40.750706,-73.987479,Lucent,1,50,Nonactive,,,,,,,,,,,,,,,
905,NY99XT610,NY-MANHATTAN 2,72,679,40.750706,-73.987479,Lucent,2,275,Nonactive,,,,,,,,,,,,,,,
905,NY99XT610,NY-MANHATTAN 2,72,679,40.750706,-73.987479,Lucent,3,340,Nonactive,,,,,,,,,,,,,,,
906,NY99XT602,NY-MANHATTAN 2,72,679,40.745861,-74.009333,Lucent,1,5,Nonactive,,,,,,,,,,,,,,,
906,NY99XT602,NY-MANHATTAN 2,72,679,40.745861,-74.009333,Lucent,2,265,Nonactive,,,,,,,,,,,,,,,
906,NY99XT602,NY-MANHATTAN 2,72,679,40.745861,-74.009333,Lucent,3,310,Nonactive,,,,,,,,,,,,,,,
909,NY96XC029,NY-MANHATTAN 2,72,679,40.7485,-73.9863,Lucent,1,0,Nonactive,,,,,,,,,,,,,,,
909,NY96XC029,NY-MANHATTAN 2,72,679,40.7485,-73.9863,Lucent,2,0,Nonactive,,,,,,,,,,,,,,,
909,NY96XC029,NY-MANHATTAN 2,72,679,40.7485,-73.9863,Lucent,3,0,Nonactive,,,,,,,,,,,,,,,
910,NY96XC031,NY-MANHATTAN 2,72,679,40.7485,-73.9863,Lucent,1,0,Nonactive,,,,,,,,,,,,,,,
910,NY96XC031,NY-MANHATTAN 2,72,679,40.7485,-73.9863,Lucent,2,0,Nonactive,,,,,,,,,,,,,,,
910,NY96XC031,NY-MANHATTAN 2,72,679,40.7485,-73.9863,Lucent,3,0,Nonactive,,,,,,,,,,,,,,,
911,NY96XC040,NY-MANHATTAN 2,72,679,40.739777,-74.002578,Lucent,1,0,Active,,,,,,,,,,,,,,,
911,NY96XC040,NY-MANHATTAN 2,72,679,40.737826,-74.000201,Lucent,2,0,Active,,,,,,,,,,,,,,,
911,NY96XC040,NY-MANHATTAN 2,72,679,40.737335,-73.996786,Lucent,3,0,Active,,,,,,,,,,,,,,,
912,NY96XC041,NY-MANHATTAN 2,72,679,40.740893,-74.00169,Lucent,1,0,Active,,,,,,,,,,,,,,,
912,NY96XC041,NY-MANHATTAN 2,72,679,40.74104,-73.997871,Lucent,2,0,Active,,,,,,,,,,,,,,,
912,NY96XC041,NY-MANHATTAN 2,72,679,40.738228,-73.996209,Lucent,3,0,Active,,,,,,,,,,,,,,,
913,NY96XC042,NY-MANHATTAN 2,72,679,40.745906,-73.998041,Lucent,1,0,Active,,,,,,,,,,,,,,,
913,NY96XC042,NY-MANHATTAN 2,72,679,40.744081,-73.995657,Lucent,2,0,Active,,,,,,,,,,,,,,,
913,NY96XC042,NY-MANHATTAN 2,72,679,40.742878,-73.992821,Lucent,3,0,Active,,,,,,,,,,,,,,,
914,NY96XC043,NY-MANHATTAN 2,72,679,40.741303,-73.989344,Lucent,1,0,Active,,,,,,,,,,,,,,,
914,NY96XC043,NY-MANHATTAN 2,72,679,40.739864,-73.986599,Lucent,2,0,Active,,,,,,,,,,,,,,,
914,NY96XC043,NY-MANHATTAN 2,72,679,40.74307,-73.984264,Lucent,3,0,Active,,,,,,,,,,,,,,,
915,NY96XC044,NY-MANHATTAN 2,72,679,40.747215,-73.993365,Lucent,1,0,Active,,,,,,,,,,,,,,,
915,NY96XC044,NY-MANHATTAN 2,72,679,40.745494,-73.988691,Lucent,2,0,Active,,,,,,,,,,,,,,,
915,NY96XC044,NY-MANHATTAN 2,72,679,40.746081,-73.982076,Lucent,3,0,Active,,,,,,,,,,,,,,,
916,NY96XC045,NY-MANHATTAN 2,72,679,40.749567,-73.98795,Lucent,1,0,Active,,,,,,,,,,,,,,,
916,NY96XC045,NY-MANHATTAN 2,72,679,40.749719,-73.987823,Lucent,2,0,Active,,,,,,,,,,,,,,,
916,NY96XC045,NY-MANHATTAN 2,72,679,40.748364,-73.991922,Lucent,3,0,Active,,,,,,,,,,,,,,,
917,NY96XC046,NY-MANHATTAN 2,72,679,40.752769,-73.979189,Lucent,1,0,Active,,,,,,,,,,,,,,,
917,NY96XC046,NY-MANHATTAN 2,72,679,40.751776,-73.976848,Lucent,2,0,Active,,,,,,,,,,,,,,,
917,NY96XC046,NY-MANHATTAN 2,72,679,40.753821,-73.981963,Lucent,3,0,Active,,,,,,,,,,,,,,,
918,NY96XC047,NY-MANHATTAN 2,72,679,40.754222,-73.984569,Lucent,1,0,Active,,,,,,,,,,,,,,,
918,NY96XC047,NY-MANHATTAN 2,72,679,40.75529,-73.987495,Lucent,2,0,Active,,,,,,,,,,,,,,,
918,NY96XC047,NY-MANHATTAN 2,72,679,40.754672,-73.986754,Lucent,3,0,Active,,,,,,,,,,,,,,,
919,NY96XC048,NY-MANHATTAN 2,72,679,40.755477,-73.987691,Lucent,1,0,Active,,,,,,,,,,,,,,,
919,NY96XC048,NY-MANHATTAN 2,72,679,40.755983,-73.986229,Lucent,2,0,Active,,,,,,,,,,,,,,,
919,NY96XC048,NY-MANHATTAN 2,72,679,40.757308,-73.989735,Lucent,3,0,Active,,,,,,,,,,,,,,,
920,NY96XC049,NY-MANHATTAN 2,72,679,40.762456,-73.985984,Lucent,1,0,Active,,,,,,,,,,,,,,,
920,NY96XC049,NY-MANHATTAN 2,72,679,40.759901,-73.984139,Lucent,2,0,Active,,,,,,,,,,,,,,,
920,NY96XC049,NY-MANHATTAN 2,72,679,40.758663,-73.981329,Lucent,3,0,Active,,,,,,,,,,,,,,,
921,NY96XC050,NY-MANHATTAN 2,72,679,40.761317,-73.983797,Lucent,1,0,Active,,,,,,,,,,,,,,,
921,NY96XC050,NY-MANHATTAN 2,72,679,40.762862,-73.981637,Lucent,2,0,Active,,,,,,,,,,,,,,,
921,NY96XC050,NY-MANHATTAN 2,72,679,40.760167,-73.975224,Lucent,3,0,Active,,,,,,,,,,,,,,,
922,NY96XC051,NY-MANHATTAN 2,72,679,40.764811,-73.973347,Lucent,1,0,Active,,,,,,,,,,,,,,,
922,NY96XC051,NY-MANHATTAN 2,72,679,40.768247,-73.981929,Lucent,2,0,Active,,,,,,,,,,,,,,,
922,NY96XC051,NY-MANHATTAN 2,72,679,40.763971,-73.977451,Lucent,3,0,Active,,,,,,,,,,,,,,,
923,NY96XC052,NY-MANHATTAN 2,72,679,40.764664,-73.980658,Lucent,1,0,Active,,,,,,,,,,,,,,,
923,NY96XC052,NY-MANHATTAN 2,72,679,40.768296,-73.981736,Lucent,2,0,Active,,,,,,,,,,,,,,,
923,NY96XC052,NY-MANHATTAN 2,72,679,40.77344,-73.982209,Lucent,3,0,Active,,,,,,,,,,,,,,,
924,NY96XC053,NY-MANHATTAN 2,72,679,40.775594,-73.97641,Lucent,1,0,Active,,,,,,,,,,,,,,,
924,NY96XC053,NY-MANHATTAN 2,72,679,40.778453,-73.98197,Lucent,2,0,Active,,,,,,,,,,,,,,,
924,NY96XC053,NY-MANHATTAN 2,72,679,40.783934,-73.979917,Lucent,3,0,Active,,,,,,,,,,,,,,,
925,NY96XC054,NY-MANHATTAN 2,72,679,40.785868,-73.968916,Lucent,1,0,Active,,,,,,,,,,,,,,,
925,NY96XC054,NY-MANHATTAN 2,72,679,40.781433,-73.972143,Lucent,2,0,Active,,,,,,,,,,,,,,,
925,NY96XC054,NY-MANHATTAN 2,72,679,40.788644,-73.976218,Lucent,3,0,Active,,,,,,,,,,,,,,,
926,NY96XC055,NY-MANHATTAN 2,72,679,40.793919,-73.972323,Lucent,1,0,Active,,,,,,,,,,,,,,,
926,NY96XC055,NY-MANHATTAN 2,72,679,40.791644,-73.964694,Lucent,2,0,Active,,,,,,,,,,,,,,,
926,NY96XC055,NY-MANHATTAN 2,72,679,40.748364,-73.991922,Lucent,3,0,Active,,,,,,,,,,,,,,,
927,NY96XC056,NY-MANHATTAN 2,72,679,40.751431,-73.976041,Lucent,1,0,Active,,,,,,,,,,,,,,,
927,NY96XC056,NY-MANHATTAN 2,72,679,40.748364,-73.991922,Lucent,2,0,Active,,,,,,,,,,,,,,,
927,NY96XC056,NY-MANHATTAN 2,72,679,40.748364,-73.991922,Lucent,3,0,Active,,,,,,,,,,,,,,,
950,NY96XC003,NY-MANHATTAN 2,72,679,40.7505,-73.9935,Lucent,1,0,Active,,,,,,,,,,,,,,,
950,NY96XC003,NY-MANHATTAN 2,72,679,40.7505,-73.9935,Lucent,2,0,Active,,,,,,,,,,,,,,,
950,NY96XC003,NY-MANHATTAN 2,72,679,40.7505,-73.9935,Lucent,3,0,Active,,,,,,,,,,,,,,,
951,NY96XC004,NY-MANHATTAN 2,72,679,40.7505,-73.9935,Lucent,1,0,Active,,,,,,,,,,,,,,,
951,NY96XC004,NY-MANHATTAN 2,72,679,40.7505,-73.9935,Lucent,2,0,Active,,,,,,,,,,,,,,,
951,NY96XC004,NY-MANHATTAN 2,72,679,40.7505,-73.9935,Lucent,3,0,Active,,,,,,,,,,,,,,,
1002,NY98XC249,NY-MANHATTAN 2,72,679,40.7694,-73.9898,Lucent,1,0,Active,,,,,,,,,,,,,,,
1002,NY98XC249,NY-MANHATTAN 2,72,679,40.7694,-73.9898,Lucent,2,0,Active,,,,,,,,,,,,,,,
1002,NY98XC249,NY-MANHATTAN 2,72,679,40.7705,-73.9908,Lucent,3,0,Active,,,,,,,,,,,,,,,